958 954 962 959 947 946 953 948 941 942 955 946 944 940 940 943 
			939 949 951 968 967 948 952 946 945 943 945 944 953 954 940 947 
			962 956 952 959 946 954 962 954 958 966 948 946 957 954 951 962 
			947 943 945 953 941 941 952 954 959 957 949 947 959 956 964 942 
			954 959 948 951 955 954 945 945 938 956 950 947 949 955 945 952 
			947 944 945 956 942 952 938 950 944 947 952 959 948 951 946 943 
			945 949 945 948 945 949 949 941 942 948 940 941 949 947 949 945 
			946 942 937 947 948 938 940 955 949 942 948 948 948 945 952 959 
			953 945 939 937 941 950 946 941 940 946 940 942 940 941 937 948 
			940 943 945 958 937 952 941 945 945 950 953 946 945 937 941 941 
			932 941 936 941 948 943 952 947 943 949 949 947 948 965 959 956 
			955 950 953 946 951 949 961 952 943 935 938 943 945 941 944 960 
			945 945 949 962 965 963 955 962 964 954 945 946 946 941 939 940 
			950 943 941 943 955 950 949 948 947 943 955 946 940 939 945 941 
			947 946 945 952 951 946 943 952 949 946 945 953 955 941 953 943 
			961 943 944 947 947 954 951 939 941 950 945 944 943 938 950 947 
			944 941 933 943 941 938 941 945 954 954 950 960 952 950 959 964 
			962 964 947 958 949 950 957 948 961 955 957 950 946 963 957 952 
			947 948 952 946 939 936 946 939 943 958 947 955 955 956 963 946 
			955 947 960 952 957 961 949 951 950 956 958 954 963 952 963 942 
			950 941 947 946 944 946 960 949 947 947 948 943 946 943 958 954 
			959 950 949 945 949 955 963 964 976 959 963 959 962 963 953 949 
			949 946 951 942 948 954 949 947 956 949 962 957 951 959 965 959 
			957 959 955 958 961 955 947 955 945 947 942 950 950 951 940 946 
			948 943 945 947 949 950 963 950 939 950 942 948 955 946 955 956 
			953 950 959 950 951 944 945 948 954 943 948 954 946 952 951 946 
			980 959 953 949 964 968 962 954 973 950 946 938 940 943 949 950 
			943 944 962 950 947 946 947 948 945 941 944 945 942 938 936 954 
			955 939 941 956 952 966 951 949 949 943 949 942 948 944 946 934 
			941 951 943 946 938 950 947 946 942 940 950 958 950 956 954 946 
			953 932 943 937 946 930 927 928 937 941 938 934 937 938 944 944 
			950 965 957 952 949 949 953 939 950 951 944 955 944 944 945 939 
			941 938 952 948 950 936 941 940 945 942 945 940 947 959 948 955 
			953 955 946 945 945 947 962 947 944 958 952 947 944 952 961 963 
			954 958 947 948 943 941 937 951 946 950 941 944 945 942 939 947 
			948 948 949 942 942 943 959 960 940 945 954 938 940 938 944 940 
			944 942 959 946 948 947 946 942 949 945 954 943 966 938 950 947 
			954 943 939 938 940 942 932 934 937 951 940 936 957 953 955 939 
			945 959 948 939 953 956 959 946 935 947 941 951 949 948 947 946 
			959 942 953 944 947 948 941 942 944 945 934 938 944 958 949 946 
			944 945 948 936 945 951 952 951 946 947 961 962 940 951 950 950 
			949 952 952 948 955 940 934 943 953 938 941 936 944 951 937 938 
			947 942 939 936 937 950 942 937 941 938 944 945 942 941 951 963 
			940 942 943 938 946 942 939 937 944 945 948 942 938 942 937 946 
			945 949 951 952 943 941 942 942 948 948 951 952 941 946 949 950 
			946 954 945 949 948 944 951 942 963 942 954 954 964 970 968 950 
			951 951 950 948 950 943 949 944 941 937 943 944 948 949 951 947 
			948 967 959 959 959 955 963 963 954 948 951 947 955 952 958 968 
			958 943 955 957 951 955 947 953 950 963 941 948 945 946 943 950 
			951 958 960 948 949 951 957 960 957 969 961 955 948 948 949 947 
			968 959 958 959 953 942 944 952 943 943 951 947 949 940 940 942 
			938 942 948 943 945 946 956 949 952 948 946 945 950 948 945 946 
			941 942 956 936 937 940 946 947 942 938 941 948 936 947 941 943 
			965 968 964 962 965 966 959 961 951 950 953 943 951 947 948 951 
			959 952 951 963 969 982 973 975 963 950 951 948 957 949 953 955 
			951 961 965 975 959 977 969 956 953 960 959 951 952 957 961 950 
			953 950 953 953 958 949 957 954 945 944 948 944 946 941 946 948 
			938 941 953 950 941 959 951 954 952 949 945 958 956 959 956 950 
			963 1023 958 950 970 1004 1021 954 937 955 945 939 937 939 950 974 
			987 990 927 936 952 945 942 948 943 944 945 946 947 951 942 941 
			944 939 943 944 941 938 943 933 937 935 935 938 931 932 939 935 
			934 930 934 931 937 939 939 944 952 944 943 943 940 943 941 949 
			944 944 936 938 933 950 929 937 941 935 934 935 938 938 941 937 
			937 943 943 953 944 945 951 943 955 959 948 956 956 945 941 935 
			934 937 941 944 941 950 935 939 949 942 940 941 940 949 951 937 
			935 934 940 934 943 935 942 944 943 943 938 941 941 943 944 947 
			951 947 949 948 946 947 956 947 955 953 947 943 942 956 939 942 
			951 950 957 963 953 956 951 961 953 966 1014 950 956 953 953 988 
			1012 988 933 948 952 950 939 946 954 964 985 995 946 947 949 949 
			940 941 941 946 950 946 943 946 945 942 949 938 943 938 951 948 
			951 949 952 950 942 949 940 945 951 944 937 932 939 937 940 937 
			947 963 954 943 945 949 943 947 945 941 958 952 954 956 961 953 
			953 959 956 953 954 955 953 946 946 947 943 947 944 943 943 947 
			951 945 943 954 949 946 961 945 947 954 949 950 949 961 965 957 
			955 951 951 947 955 948 946 953 952 949 945 955 956 955 944 948 
			960 958 951 955 956 945 955 948 961 956 951 957 963 962 962 958 
			965 950 958 953 944 953 949 963 954 950 956 953 953 952 946 945 
			948 955 929 964 963 947 941 959 952 977 1007 998 952 951 945 947 
			946 943 945 955 968 946 954 953 953 953 952 950 950 944 944 946 
			946 941 939 943 948 938 945 949 949 955 950 947 953 948 949 945 
			946 959 955 946 944 953 950 955 947 955 957 948 950 947 959 946 
			953 952 951 960 953 950 957 963 950 947 949 955 955 948 946 942 
			947 944 945 947 947 955 951 950 945 950 953 949 941 949 964 952 
			948 948 948 942 936 942 956 942 947 939 943 951 937 948 943 944 
			947 947 948 940 944 947 945 941 944 950 953 942 945 940 947 942 
			949 955 953 954 942 942 943 951 948 946 952 960 954 938 944 952 
			952 956 954 954 961 949 944 950 948 946 946 996 926 955 948 934 
			940 932 948 948 971 992 978 934 939 939 938 936 935 940 937 941 
			938 934 935 938 937 936 939 942 939 947 942 945 943 946 945 942 
			954 956 945 942 945 958 961 950 947 947 957 962 944 953 949 943 
			950 954 944 947 951 952 951 955 965 954 949 954 955 948 948 949 
			944 942 940 937 945 939 951 934 943 940 956 950 948 953 954 949 
			942 958 949 944 944 946 942 955 948 935 944 942 942 950 945 936 
			940 950 943 941 954 942 942 946 947 961 957 944 951 954 949 949 
			951 959 952 955 944 951 955 940 954 946 958 959 971 958 953 952 
			959 937 950 952 952 943 933 946 945 946 937 940 948 942 939 937 
			939 938 943 939 978 986 955 930 937 931 932 930 921 942 954 981 
			984 914 935 934 970 928 926 930 935 935 933 932 937 931 940 934 
			941 943 951 939 944 943 937 936 940 940 945 948 933 943 945 961 
			949 947 947 954 945 942 943 945 945 948 959 959 957 966 953 958 
			960 944 949 952 945 944 951 945 951 952 953 948 958 959 967 967 
			976 975 968 960 958 952 957 955 961 955 961 952 959 952 955 960 
			958 967 949 949 956 959 949 961 960 963 959 956 971 970 967 968 
			967 960 977 972 966 959 956 970 962 965 973 960 964 954 957 959 
			964 954 958 956 962 971 969 970 968 971 957 956 963 964 950 943 
			945 946 945 944 949 945 953 959 949 961 944 957 951 975 991 1009 
			989 928 949 938 947 990 946 946 977 971 991 962 937 957 948 947 
			945 939 948 946 945 947 946 945 949 952 953 963 949 947 963 947 
			945 950 950 954 957 948 960 955 950 948 953 943 950 955 951 946 
			953 957 953 947 948 950 951 941 948 955 943 948 951 957 963 954 
			949 948 951 956 946 950 948 952 954 944 948 943 945 937 949 952 
			948 950 951 954 952 946 943 942 949 950 953 942 947 947 956 950 
			953 955 962 972 956 960 968 958 950 957 970 973 960 971 960 954 
			959 960 953 959 951 962 955 958 958 952 959 953 954 954 965 949 
			955 951 952 948 949 948 954 950 957 950 953 952 951 948 945 958 
			960 947 944 948 943 945 927 950 966 983 1005 943 945 937 980 946 
			940 945 955 965 989 981 923 940 945 944 944 945 943 942 940 938 
			939 938 944 940 946 938 940 942 945 942 947 944 946 946 943 942 
			940 941 942 944 933 935 942 942 935 937 933 939 940 937 936 939 
			939 945 943 940 939 941 935 938 947 939 945 938 953 936 940 935 
			940 945 935 938 950 945 957 945 947 952 952 955 945 944 947 951 
			947 949 944 951 939 947 945 945 945 951 947 945 948 945 941 944 
			943 942 956 952 959 957 951 962 958 961 943 954 965 950 964 953 
			958 947 944 952 958 943 941 946 943 940 943 940 935 941 940 941 
			956 944 948 938 950 939 947 958 953 950 952 954 954 948 957 1014 
			944 953 969 993 1011 984 941 953 945 941 945 939 948 962 980 989 
			949 956 948 949 956 959 951 954 957 954 954 951 947 950 954 951 
			950 949 945 950 942 950 955 949 947 947 947 943 951 946 948 954 
			954 952 948 955 950 943 954 942 952 954 945 945 949 952 944 951 
			970 947 957 943 953 959 957 952 953 948 961 952 961 954 957 956 
			959 961 961 959 951 958 953 957 953 962 961 955 964 957 948 959 
			949 949 963 955 961 962 960 961 958 955 956 960 947 947 957 942 
			941 938 941 942 939 940 950 941 936 947 954 947 951 964 954 954 
			954 953 942 941 949 942 944 951 945 954 952 947 950 946 947 946 
			947 941 951 949 944 945 947 957 986 947 945 969 966 972 1007 1008 
			938 958 955 955 955 954 953 963 977 984 949 941 940 947 936 936 
			939 941 941 942 953 946 957 953 951 952 949 954 943 947 941 946 
			944 940 939 947 953 952 949 948 953 949 945 945 947 953 945 954 
			953 957 961 954 954 963 955 959 949 949 960 954 951 942 939 950 
			943 946 947 958 951 956 960 957 958 947 949 954 958 955 948 946 
			959 940 949 948 953 944 943 945 945 939 941 944 944 954 949 954 
			950 950 944 948 947 942 949 934 939 941 941 941 941 941 939 937 
			942 951 945 938 949 936 941 940 948 944 950 938 947 945 948 942 
			946 957 942 947 943 944 941 942 958 945 945 966 953 951 950 959 
			939 950 957 943 939 940 944 959 970 985 975 928 943 940 950 936 
			919 946 968 946 943 943 953 956 951 948 950 943 945 942 944 953 
			947 937 941 950 945 942 950 952 954 956 956 952 960 956 966 954 
			957 958 958 954 952 958 949 947 949 947 953 959 955 950 946 954 
			951 946 957 948 957 948 953 958 957 968 959 961 956 965 962 950 
			945 948 949 941 954 948 960 941 954 947 955 957 950 953 956 952 
			945 954 943 944 947 942 949 956 955 943 941 941 944 936 938 939 
			946 942 935 946 944 944 943 934 939 943 951 936 935 945 935 937 
			934 939 934 946 942 938 942 959 967 953 939 1015 1019 1490 1458 609 
			974 826 970 933 841 1134 1584 864 921 858 866 1082 869 1246 1545 1037 
			929 996 941 984 920 893 968 946 1059 855 1066 888 1038 921 895 966 
			947 1006 1115 907 1040 924 924 1080 1177 1090 1249 963 938 911 1036 1170 
			915 1100 946 1015 904 750 909 914 834 854 832 918 938 918 836 928 
			972 959 865 899 961 941 888 859 922 926 873 889 869 914 902 862 
			871 894 902 856 899 893 921 924 907 925 957 946 923 910 970 943 
			976 923 920 948 946 899 915 937 895 920 905 886 924 909 883 919 
			874 915 876 863 855 872 828 804 843 804 766 777 722 744 731 686 
			723 713 707 671 664 714 861 896 820 956 1087 1156 1132 1140 1167 1257 
			1220 1112 1092 1113 1069 980 922 927 944 892 847 906 1014 987 1054 1080 
			1194 1238 1250 1185 1241 1230 1176 1095 1080 1038 1007 948 890 917 901 870 
			847 892 898 923 891 897 914 901 848 818 797 750 701 656 623 587 
			565 587 772 936 817 947 1167 1241 1247 1213 1259 1277 1291 1089 1061 1023 
			993 854 813 797 828 827 805 857 951 1036 1055 1093 1143 1228 1201 1183 
			1187 1161 1104 1102 1055 992 988 984 962 968 1018 1012 1056 1083 1095 1091 
			1105 1072 1043 1022 984 939 905 857 824 806 793 764 730 719 724 700 
			645 661 641 741 990 1081 885 1129 1298 1285 1160 1151 1166 1160 1073 888 
			883 877 860 736 771 823 915 917 942 1014 1140 1183 1127 1111 1137 1155 
			1043 990 980 1033 938 903 937 990 1012 1001 1013 1099 1163 1122 1076 1109 
			1105 1040 973 920 929 881 830 801 836 838 818 826 828 851 819 789 
			729 693 654 647 704 977 1063 815 1124 1247 1259 1109 1119 1140 1121 1029 
			858 854 840 861 736 796 853 975 967 994 1070 1153 1189 1086 1068 1063 
			1058 917 854 971 956 869 905 997 1066 1079 1077 1068 1182 1153 1088 1022 
			1046 1021 936 894 865 914 868 847 868 914 932 919 915 897 905 841 
			787 736 655 609 548 588 668 995 1143 869 1211 1358 1372 1121 1119 1112 
			1033 921 747 744 737 824 735 819 930 1101 1119 1104 1162 1208 1198 1038 
			967 936 908 796 744 783 932 1050 941 1017 1199 1264 1150 1079 1105 1100 
			1010 921 893 906 927 882 873 937 1004 977 953 994 1015 1014 928 861 
			849 813 732 636 624 641 615 618 705 819 1203 1277 1023 1250 1355 1296 
			978 923 915 856 777 668 699 801 953 917 1001 1140 1255 1218 1121 1087 
			1075 1017 853 779 793 814 791 807 878 980 1095 1163 1189 1163 1192 1159 
			1019 947 924 909 871 878 933 993 1027 1046 1065 1073 1062 1022 955 914 
			916 869 819 789 801 799 774 781 777 773 721 721 738 793 1091 1247 
			914 1072 1258 1209 958 869 963 872 884 791 790 854 1011 998 961 1074 
			1161 1156 1017 987 1007 977 869 812 842 862 899 904 911 983 1088 1055 
			994 1101 1138 1019 1025 988 972 980 988 955 981 1055 1072 1017 1034 1048 
			1014 971 939 924 915 914 877 854 869 875 857 821 814 797 745 696 
			681 656 669 728 1141 1337 926 1128 1309 1282 967 859 922 799 863 766 
			730 806 1050 1083 1031 1109 1204 1217 1036 955 927 896 820 774 776 822 
			944 973 956 1035 1143 1102 1021 1001 966 980 1038 984 952 1032 1095 1047 
			1000 1043 1055 1042 1019 993 995 1003 968 895 895 920 900 861 843 884 
			886 850 821 811 750 673 633 628 686 785 1298 1235 914 1204 1282 1191 
			814 884 852 799 888 817 817 956 1213 1150 1066 1086 1152 1052 861 826 
			826 832 855 883 891 1002 1126 1067 986 1001 1001 906 848 832 859 992 
			1144 1056 1043 1191 1216 1074 975 987 952 959 973 934 971 1080 1069 964 
			987 1017 960 888 862 886 887 858 823 777 762 763 716 619 646 766 
			774 1134 1399 962 1026 1188 1146 821 762 870 756 956 972 921 1008 1229 
			1234 1040 997 1016 961 825 805 822 844 955 1017 977 1023 1123 1058 936 
			913 899 873 872 884 911 1055 1196 1083 1067 1157 1098 949 915 945 932 
			1017 1074 1022 1073 1158 1083 936 941 950 912 883 872 881 899 921 871 
			805 806 801 721 639 652 722 717 884 1418 1180 907 1118 1145 957 757 
			884 718 876 1101 970 943 1123 1272 1094 980 945 916 869 848 847 819 
			961 1095 1036 1003 1072 1049 951 906 853 830 875 926 923 999 1199 1124 
			1048 1062 1081 987 929 945 907 1029 1114 1054 1025 1081 1105 984 940 931 
			930 939 927 903 877 914 893 822 788 778 755 720 690 661 700 765 
			1053 1470 1088 907 1084 1060 887 762 807 698 1016 1136 965 991 1157 1232 
			1054 947 890 869 880 891 854 856 1041 1120 1048 1030 1025 979 938 891 
			826 833 901 956 962 1029 1215 1139 1015 1007 1002 966 993 982 918 1057 
			1146 1074 1020 1037 1031 971 952 915 901 941 956 919 894 930 913 863 
			828 769 728 703 676 655 725 746 1046 1518 1072 878 1018 1009 867 813 
			801 664 1089 1200 1013 999 1134 1205 1054 966 859 815 897 944 871 872 
			1057 1109 1072 1056 980 925 929 900 829 833 912 976 990 1034 1191 1207 
			1030 958 949 945 974 972 921 1030 1192 1161 1027 1002 1003 965 942 913 
			897 944 998 959 903 919 909 869 834 762 718 727 698 657 685 733 
			932 1433 1202 852 966 998 925 884 846 681 1022 1243 1067 988 1060 1138 
			1059 994 862 783 885 978 926 907 1037 1083 1092 1094 979 887 899 898 
			844 830 869 930 1009 1145 1169 1098 1031 995 964 967 984 950 1008 1085 
			1114 1078 1025 1000 990 978 941 941 952 984 988 951 930 902 883 841 
			790 739 724 714 687 668 695 746 896 1381 1276 909 956 935 917 930 
			859 642 940 1213 1091 1037 1051 1095 1096 1083 915 804 883 967 938 933 
			992 999 1062 1088 972 890 883 880 873 882 872 908 1012 1149 1220 1106 
			1005 973 968 987 966 917 957 1084 1134 1104 1051 1011 1039 1023 968 943 
			934 961 972 937 888 873 876 862 815 758 754 743 709 665 670 734 
			844 1269 1287 928 935 919 908 969 912 684 890 1184 1114 1087 1053 1032 
			1078 1108 949 818 867 928 936 971 981 951 1034 1081 994 923 882 857 
			883 917 887 903 982 1090 1194 1146 1042 956 945 970 973 951 944 1037 
			1136 1161 1116 1040 1022 999 980 942 907 932 948 948 928 912 896 869 
			848 806 775 723 682 678 659 686 733 1012 1331 1124 980 913 874 987 
			1025 809 746 1030 1105 1129 1097 998 1025 1104 1063 915 873 876 893 967 
			993 945 965 1034 1029 1007 954 871 880 922 917 905 927 960 1109 1197 
			1096 985 944 940 1012 1040 966 982 1087 1166 1150 1087 983 964 981 970 
			951 920 937 955 987 965 912 874 835 825 804 758 693 668 665 673 
			720 756 1046 1308 1124 1012 897 858 979 1003 817 797 994 1064 1154 1127 
			1023 1034 1079 1048 953 905 856 861 941 978 973 992 1009 1012 1044 994 
			901 886 892 892 916 925 941 1107 1179 1092 1011 962 962 1049 1059 966 
			993 1070 1125 1128 1065 978 966 981 988 981 943 929 940 958 959 910 
			848 823 833 824 771 704 658 668 693 721 764 1068 1247 1095 1020 868 
			864 1000 1013 848 855 986 1043 1161 1116 1022 1029 1048 1018 974 931 867 
			864 923 973 1001 1008 992 997 1021 983 927 899 870 879 920 937 945 
			1046 1172 1148 1080 985 919 991 1033 997 974 1027 1073 1140 1133 1020 983 
			970 988 995 983 942 922 944 955 948 885 831 807 821 820 762 696 
			664 649 680 707 812 1145 1209 1100 996 859 903 1013 974 844 892 957 
			1033 1140 1086 1045 1039 1023 1010 996 941 872 868 903 975 1030 1031 998 
			994 1010 987 951 905 867 861 888 916 987 1112 1123 1090 1040 975 999 
			1047 1032 980 999 1030 1087 1110 1057 1021 994 1005 1019 1003 965 946 935 
			934 947 916 874 843 823 822 799 765 721 688 660 667 695 819 1136 
			1178 1101 979 843 899 997 993 881 895 921 1009 1131 1107 1086 1048 1020 
			1008 1002 961 904 884 883 943 1003 1031 1010 984 976 957 958 926 888 
			866 879 914 991 1103 1126 1107 1049 983 990 1006 999 981 995 1026 1080 
			1124 1102 1080 1031 996 976 976 976 946 920 915 931 938 919 874 834 
			813 790 757 715 668 631 635 670 792 1085 1183 1135 1010 861 887 960 
			988 911 902 916 975 1089 1103 1117 1085 1019 976 966 964 942 916 882 
			908 974 1027 1037 1015 977 939 927 915 901 892 896 906 941 1057 1131 
			1130 1073 981 940 977 1015 1017 1022 1019 1060 1113 1130 1108 1054 1001 973 
			967 961 956 936 918 919 915 904 888 858 817 786 757 727 690 643 
			630 654 754 1019 1172 1152 1044 870 853 922 983 967 954 952 957 1035 
			1080 1123 1119 1047 975 935 939 948 948 922 918 940 984 1026 1032 1011 
			958 915 890 900 914 915 906 922 1023 1095 1122 1071 1004 983 996 1016 
			1017 1034 1050 1084 1090 1067 1061 1043 1022 993 970 964 972 974 966 954 
			942 915 882 847 820 795 760 728 698 683 680 682 695 808 1047 1155 
			1154 1031 885 874 910 972 967 986 976 956 992 1024 1108 1140 1100 1014 
			934 918 928 951 946 944 943 943 963 986 1003 1006 985 927 892 893 
			916 941 990 1026 1046 1060 1043 1017 1021 1029 1024 1022 1029 1052 1075 1093 
			1084 1070 1043 1014 1000 988 990 980 959 941 932 929 919 894 858 833 
			822 788 742 703 671 644 645 664 813 1053 1181 1184 1039 894 848 878 
			944 961 1008 988 953 969 1002 1097 1143 1135 1047 952 894 874 913 947 
			992 991 964 946 957 996 1021 1020 953 895 868 867 900 948 1026 1077 
			1095 1065 1006 982 995 1019 1023 1025 1029 1055 1080 1091 1084 1062 1034 1007 
			986 980 979 982 980 973 956 934 907 876 841 815 808 794 767 732 
			695 657 645 666 795 1013 1146 1161 1044 912 847 848 904 945 1041 1061 
			1010 967 938 1006 1091 1144 1104 1028 933 866 868 898 974 1024 1024 981 
			940 933 956 999 997 968 913 867 858 881 951 1034 1094 1094 1059 1022 
			1003 1013 1014 1036 1046 1045 1049 1045 1058 1071 1075 1062 1032 997 962 951 
			948 956 955 935 909 867 837 813 805 792 776 753 722 687 654 648 
			747 941 1114 1168 1090 968 871 830 854 891 1013 1085 1070 1027 947 958 
			1017 1093 1119 1090 1010 904 853 827 886 970 1044 1065 1024 968 919 914 
			922 951 973 961 935 896 891 926 994 1072 1109 1103 1064 1019 976 969 
			1004 1043 1091 1112 1100 1064 1028 1006 1006 1012 1004 985 959 937 921 909 
			905 906 896 869 830 791 764 751 733 698 674 665 709 861 1033 1134 
			1121 1052 945 868 846 841 916 1048 1088 1099 1034 960 961 979 1038 1073 
			1079 1028 954 883 848 883 940 1021 1066 1051 1004 941 896 888 904 941 
			974 977 963 959 970 981 1019 1058 1079 1081 1054 1014 1004 1010 1038 1081 
			1102 1105 1079 1027 987 971 966 981 993 992 979 946 915 892 875 865 
			859 838 811 784 746 711 684 667 664 749 907 1055 1118 1104 1035 933 
			885 841 838 922 1010 1076 1091 1042 993 974 979 1015 1064 1068 1043 978 
			902 860 857 900 961 1028 1056 1054 1009 944 899 871 882 906 934 960 
			1004 1042 1043 1028 1020 1025 1030 1039 1020 1027 1042 1062 1080 1074 1060 1045 
			1033 1016 1002 988 975 969 955 950 943 933 920 894 868 839 812 787 
			766 739 706 674 654 672 778 937 1066 1107 1104 1027 933 870 803 827 
			925 1023 1107 1124 1079 1033 990 959 968 996 1012 1028 992 947 916 896 
			906 940 989 1026 1049 1019 963 916 871 862 868 895 932 965 1003 1030 
			1050 1060 1075 1055 1039 1035 1020 1029 1035 1047 1073 1086 1080 1075 1059 1040 
			1021 996 979 981 966 960 945 923 908 887 863 838 813 787 770 737 
			705 676 653 678 785 934 1048 1085 1093 1029 966 900 821 831 898 971 
			1055 1090 1085 1078 1043 992 978 986 994 1014 989 959 938 915 908 920 
			952 981 1018 1020 1005 971 925 892 867 869 888 918 959 1010 1047 1066 
			1092 1076 1056 1042 1016 1011 1026 1040 1062 1086 1085 1095 1086 1067 1057 1032 
			1008 995 976 964 953 931 919 909 892 878 855 826 806 774 741 714 
			688 676 691 759 879 994 1041 1079 1053 996 949 877 846 887 940 1006 
			1062 1074 1077 1066 1030 996 989 984 997 985 962 956 946 944 940 940 
			944 969 986 984 983 955 931 914 895 889 895 914 947 998 1043 1080 
			1115 1102 1089 1062 1021 1010 1014 1033 1067 1094 1102 1111 1094 1066 1042 1007 
			987 980 966 961 947 929 927 902 889 865 840 801 780 747 716 700 
			672 671 711 808 927 996 1041 1062 1032 1002 938 873 876 911 944 1005 
			1034 1056 1077 1063 1035 1021 1005 989 979 952 944 942 942 941 942 944 
			954 968 960 962 958 945 938 914 893 886 894 910 945 983 1010 1057 
			1081 1094 1102 1078 1064 1057 1047 1047 1052 1056 1078 1083 1075 1074 1054 1036 
			1024 995 977 967 948 934 914 891 875 864 848 831 800 772 752 733 
			716 706 706 742 826 912 948 989 1012 1000 998 951 916 929 953 976 
			1012 1023 1042 1054 1036 1012 1005 1000 998 1000 982 987 981 965 949 940 
			934 932 937 935 945 951 950 948 942 936 933 931 932 958 998 1010 
			1029 1070 1093 1099 1096 1070 1074 1080 1074 1073 1074 1085 1086 1073 1058 1051 
			1043 1026 1007 981 970 959 933 919 904 893 880 861 836 820 800 784 
			769 748 732 729 743 805 892 933 975 1011 1007 1013 989 943 956 984 
			996 1020 1021 1027 1049 1046 1036 1038 1040 1031 1028 1005 989 980 962 956 
			950 948 949 950 952 964 978 974 972 963 951 949 941 947 966 976 
			1000 1033 1051 1076 1085 1074 1086 1092 1088 1101 1090 1088 1087 1077 1072 1063 
			1051 1039 1028 1014 999 984 967 959 942 925 913 896 883 870 856 845 
			830 813 795 778 754 735 725 733 783 853 903 929 960 973 982 970 
			938 936 950 972 992 1002 1005 1014 1010 1000 995 992 989 986 979 967 
			967 959 951 945 939 931 934 936 943 954 956 955 955 950 951 954 
			953 961 993 1049 1063 1056 1079 1067 1081 1089 1069 1093 1120 1117 1113 1097 
			1076 1075 1057 1040 1047 1038 1025 1022 996 990 989 971 959 944 923 906 
			887 868 863 852 840 836 820 804 800 803 815 871 933 971 1006 1037 
			1047 1071 1073 1061 1083 1103 1117 1126 1125 1114 1118 1105 1104 1111 1112 1103 
			1081 1050 1014 978 944 919 899 883 872 867 857 851 844 838 837 837 
			836 835 842 853 864 875 891 907 932 945 953 959 970 980 987 993 
			1002 1012 1022 1028 1027 1031 1033 1033 1029 1014 999 981 967 956 947 937 
			931 920 912 905 898 893 888 882 876 869 859 854 844 841 842 853 
			876 905 918 925 931 921 928 930 934 954 967 977 983 980 970 974 
			971 975 987 992 991 987 979 972 968 959 957 962 964 959 951 938 
			933 929 924 922 918 916 914 910 898 896 922 905 889 917 907 925 
			934 916 937 967 952 961 965 956 969 951 933 945 940 925 919 905 
			909 910 890 878 863 840 827 819 811 814 795 775 768 750 732 721 
			710 711 712 713 730 756 760 768 793 799 835 849 862 888 909 921 
			928 934 927 943 937 944 959 964 966 965 958 957 963 959 960 963 
			957 952 944 930 918 912 911 910 909 912 908 903 896 905 903 897 
			923 922 946 968 975 982 1003 997 1004 1014 1011 1030 1034 1035 1046 1046 
			1035 1033 1019 1010 1015 1004 993 981 960 942 930 918 908 898 886 873 
			858 832 816 805 792 775 762 754 753 756 768 791 799 806 824 825 
			853 870 884 906 933 945 960 971 982 1002 1006 1009 1010 1010 1004 1004 
			1004 1004 1010 1009 1011 1010 1006 998 989 978 971 964 957 952 942 937 
			928 922 919 922 934 955 923 920 940 941 969 976 968 993 1010 991 
			1004 1003 1015 1036 1030 1023 1030 1018 998 991 978 980 985 961 958 956 
			937 922 906 893 889 878 858 849 835 819 806 791 786 781 776 771 
			772 778 796 807 815 831 847 872 898 920 947 966 979 982 991 994 
			1008 1018 1025 1033 1036 1034 1030 1030 1030 1029 1024 1016 1008 1001 989 983 
			980 980 979 974 968 960 950 942 934 931 937 941 932 948 952 959 
			980 988 1000 1009 1015 1014 1024 1027 1032 1042 1046 1057 1061 1056 1057 1059 
			1051 1044 1038 1020 1011 997 985 976 968 959 953 943 931 924 914 902 
			895 887 880 869 856 848 846 836 828 826 822 836 846 864 878 886 
			900 912 929 949 981 992 1009 1022 1024 1028 1036 1039 1041 1047 1047 1047 
			1046 1038 1034 1034 1033 1033 1030 1021 1015 1000 985 977 971 965 966 961 
			957 956 949 944 942 943 952 945 933 949 951 962 979 987 1003 1023 
			1020 1027 1033 1032 1036 1037 1036 1043 1039 1037 1043 1043 1036 1030 1015 1000 
			993 979 969 965 957 944 933 924 917 915 909 905 895 881 866 857 
			848 843 840 833 835 836 837 842 847 854 875 889 886 907 922 937 
			966 975 986 1007 1015 1017 1035 1044 1053 1062 1057 1054 1055 1043 1036 1035 
			1026 1022 1021 1011 1007 1003 991 984 977 968 962 957 948 943 942 937 
			935 939 945 932 938 946 954 972 973 980 992 1003 1005 1022 1025 1035 
			1044 1039 1046 1051 1048 1050 1052 1045 1041 1037 1026 1020 1009 1000 993 985 
			977 969 959 949 944 936 923 916 908 902 894 887 879 874 869 862 
			852 846 845 846 846 847 857 866 873 887 899 915 936 934 952 972 
			986 1006 1013 1021 1035 1045 1039 1051 1050 1053 1049 1042 1033 1033 1026 1015 
			1012 1003 1000 995 984 976 972 966 961 959 952 947 942 939 941 942 
			948 967 949 952 973 964 988 991 988 1003 1022 1004 1026 1041 1044 1055 
			1046 1043 1053 1044 1031 1034 1029 1023 1022 1006 997 996 986 983 981 968 
			962 956 941 937 929 921 922 924 922 918 907 899 895 892 882 877 
			868 869 873 871 872 874 882 885 887 890 896 906 912 929 938 941 
			959 971 985 1003 1011 1019 1030 1029 1027 1031 1026 1025 1021 1015 1015 1021 
			1017 1017 1017 1008 1001 994 980 976 973 969 966 966 961 956 955 972 
			962 951 968 968 981 992 981 984 1000 998 1007 1026 1035 1044 1043 1035 
			1038 1041 1028 1030 1033 1030 1029 1020 1010 1015 1001 984 979 970 957 951 
			939 939 938 930 921 919 912 904 900 889 880 875 868 865 863 865 
			863 868 866 867 872 876 877 885 891 897 908 919 927 934 951 968 
			980 996 998 1004 1011 1014 1012 1018 1022 1025 1023 1019 1014 1014 1011 1006 
			996 992 984 982 975 966 959 955 950 948 947 945 945 942 942 950 
			967 948 953 974 984 995 1000 997 1006 1021 1009 1023 1039 1036 1037 1022 
			1011 1017 1010 999 1003 1008 1001 997 982 973 971 958 950 947 941 934 
			927 916 917 916 905 900 900 895 892 886 878 875 875 871 875 870 
			868 873 874 874 877 877 877 884 885 891 899 908 916 928 931 940 
			961 968 974 983 986 991 1006 1011 1020 1030 1024 1019 1016 1004 1001 1001 
			996 997 999 990 988 985 979 976 973 969 965 963 955 959 980 978 
			957 979 982 991 1001 992 990 1013 1004 1000 1021 1015 1010 999 988 994 
			1000 988 990 994 987 983 980 972 976 970 957 950 944 935 932 927 
			915 912 905 899 895 892 885 883 879 875 872 865 867 866 870 878 
			879 882 882 888 889 890 888 897 900 905 914 918 927 932 935 947 
			959 964 979 986 994 1002 1014 1014 1018 1017 1013 1008 1009 1006 1006 996 
			995 992 988 983 979 976 974 972 967 965 960 968 979 968 973 983 
			989 992 990 985 992 997 986 991 991 990 1041 951 951 1056 1008 958 
			956 988 977 949 946 955 953 944 934 936 940 928 922 915 912 903 
			899 900 900 904 896 886 883 888 890 886 883 880 890 894 891 895 
			896 897 901 904 903 908 911 910 916 920 923 930 930 935 939 941 
			947 959 965 976 989 993 997 1006 1011 1013 1021 1020 1020 1021 1018 1015 
			1013 1013 1010 1010 1008 1009 1006 1004 1004 1005 1000 993 990 988 984 981 
			974 972 971 969 961 958 955 955 953 950 949 947 943 945 941 938 
			938 935 933 934 932 928 931 930 923 922 921 926 932 924 918 914 
			911 907 908 898 901 909 907 909 913 913 912 913 904 907 912 907 
			916 919 918 922 924 925 930 935 937 939 940 938 938 938 941 959 
			972 981 987 991 987 992 1000 1007 1007 1012 1017 1023 1027 1032 1033 1037 
			1036 1035 1030 1024 1018 1013 1010 1009 1007 1002 999 995 988 979 974 967 
			965 959 951 950 944 942 941 939 938 937 933 931 929 921 924 923 
			925 924 924 923 922 921 917 921 920 923 926 924 925 924 927 925 
			925 922 920 922 925 923 924 927 925 925 923 924 924 928 930 933 
			933 933 940 942 945 946 943 944 948 954 956 959 968 981 987 989 
			989 993 993 1000 1001 998 1002 1007 1010 1010 1006 1006 1008 1014 1017 1008 
			1005 995 991 993 994 993 992 987 980 982 975 971 962 957 955 952 
			947 946 942 943 940 934 935 930 925 922 919 919 916 917 912 912 
			917 919 918 915 915 907 909 912 910 913 916 918 922 920 918 919 
			919 923 924 927 923 926 927 928 935 938 940 941 938 934 933 942 
			943 948 948 955 964 961 957 960 963 972 981 986 983 989 992 997 
			1000 998 993 999 995 997 1000 997 993 993 986 989 984 985 984 975 
			971 969 963 957 959 954 950 950 947 947 941 937 933 933 933 933 
			928 926 923 921 919 919 917 917 916 917 915 914 915 916 918 918 
			922 916 914 917 914 916 917 920 922 921 924 930 933 937 939 940 
			939 943 946 953 952 952 954 961 970 972 968 965 961 962 963 970 
			972 985 986 988 984 979 981 986 987 988 987 986 984 988 989 990 
			989 988 992 988 982 980 970 966 962 954 952 951 953 953 951 946 
			942 937 937 934 932 927 924 923 923 925 920 920 922 926 925 921 
			917 919 919 921 917 917 921 926 925 919 922 925 928 931 930 932 
			929 934 935 934 940 943 952 956 964 962 960 961 959 970 974 971 
			974 982 986 988 985 989 983 986 985 982 987 983 987 986 978 977 
			973 969 974 971 968 964 963 956 955 950 947 948 944 944 944 944 
			941 940 936 933 932 931 928 930 924 923 924 928 928 923 918 922 
			920 924 922 921 919 922 919 920 922 920 920 919 927 928 932 928 
			930 928 931 935 936 943 940 950 959 972 983 988 983 978 980 974 
			968 979 982 980 978 989 995 997 1000 987 982 982 973 971 968 956 
			968 975 967 968 964 964 961 957 952 947 946 939 938 943 945 942 
			942 936 941 939 934 930 928 931 933 931 933 937 939 936 931 931 
			928 927 928 924 924 928 926 931 931 932 939 948 945 945 948 950 
			946 951 950 951 959 967 977 978 986 987 985 982 982 989 980 988 
			989 980 977 974 980 975 971 967 964 969 964 960 951 954 951 958 
			952 956 956 951 949 948 951 945 943 942 950 949 950 948 947 942 
			943 944 941 943 946 943 943 936 935 938 938 940 939 940 942 942 
			942 937 936 942 941 949 949 944 950 955 954 956 963 963 977 975 
			976 976 983 989 993 995 983 979 983 985 986 980 987 980 990 976 
			973 965 962 959 956 959 954 956 949 946 950 947 948 949 954 945 
			941 941 939 941 938 938 942 942 944 943 942 944 942 948 939 937 
			937 933 932 936 938 939 938 942 945 942 945 948 948 947 946 943 
			944 949 952 956 954 961 959 946 943 940 942 940 940 947 961 959 
			964 958 954 952 954 951 954 945 942 950 952 947 961 953 952 954 
			950 945 944 942 940 943 949 958 968 959 949 949 952 962 953 943 
			939 939 943 939 938 954 952 957 955 951 958 949 949 943 949 954 
			969 962 966 963 949 957 953 945 941 947 956 959 962 949 943 942 
			952 950 951 946 945 953 945 944 940 941 941 951 943 944 947 950 
			949 962 950 952 955 959 950 956 949 949 949 960 939 941 943 956 
			946 953 949 946 941 945 951 954 963 956 961 959 953 962 960 970 
			969 971 976 966 979 966 963 960 959 960 962 956 953 947 943 938 
			946 947 938 938 939 943 939 934 930 933 935 931 933 935 935 939 
			935 932 936 939 941 942 945 939 933 934 939 936 938 947 944 942 
			952 949 949 938 942 942 942 939 944 941 940 942 940 947 937 940 
			942 935 937 940 951 953 946 947 949 954 939 945 947 957 944 958 
			967 943 952 953 949 939 951 948 951 949 943 940 945 955 938 947 
			938 940 940 934 948 945 945 958 972 965 955 941 943 949 950 945 
			947 938 940 939 935 937 944 953 949 947 943 944 939 942 940 954 
			952 960 962 983 960 963 970 955 965 958 962 946 959 945 945 955 
			961 954 959 962 954 954 950 940 942 939 943 934 943 936 931 934 
			937 952 953 947 955 950 937 940 942 945 941 947 941 950 951 944 
			942 944 946 950 936 945 940 933 930 926 930 936 940 949 957 943 
			951 930 927 927 931 932 931 932 934 934 930 937 941 936 946 943 
			933 944 948 942 953 957 967 954 950 949 957 944 936 941 948 950 
			965 959 961 947 945 934 942 939 942 938 931 934 933 938 940 948 
			939 937 941 936 944 946 949 938 940 952 967 960 938 948 946 943 
			939 946 950 944 958 958 952 952 965 954 954 945 946 955 942 943 
			949 953 946 954 959 947 943 947 959 963 952 938 945 943 941 940 
			941 952 965 961 960 957 961 954 956 952 961 959 949 952 943 946 
			947 957 948 956 957 974 959 970 965 959 947 953 947 952 953 940 
			947 935 941 935 934 936 950 947 939 952 945 946 940 942 942 950 
			949 940 939 936 935 940 936 942 948 951 933 931 931 933 931 940 
			937 941 944 951 947 946 952 956 951 943 956 957 940 936 940 949 
			944 962 948 971 944 937 937 942 945 934 942 937 943 946 941 934 
			949 950 948 943 952 948 960 949 948 943 941 942 957 953 952 960 
			949 951 940 940 940 949 936 933 935 934 936 940 936 945 945 936 
			939 943 937 943 948 940 938 941 935 959 958 954 947 952 950 964 
			939 955 945 959 941 960 949 943 940 934 939 946 950 940 952 952 
			946 940 951 934 952 950 953 950 964 962 955 958 953 951 962 942 
			947 948 956 946 949 940 945 952 941 943 951 946 936 952 938 940 
			947 932 939 941 935 939 935 930 935 946 948 947 946 949 949 949 
			949 952 947 948 945 952 967 951 953 947 950 958 950 942 937 934 
			933 934 938 948 938 947 945 947 939 960 967 952 944 962 945 953 
			945 939 935 951 957 957 967 948 945 945 933 931 938 950 934 954 
			947 947 951 958 951 944 942 948 942 940 934 936 939 950 969 958 
			951 952 939 940 943 951 937 947 974 951 964 971 959 969 971 972 
			949 947 944 943 936 938 936 945 941 951 945 940 945 931 939 936 
			942 946 948 956 945 960 964 946 953 961 945 947 959 953 950 948 
			944 956 953 952 972 970 956 960 962 953 963 963 971 972 962 958 
			969 957 943 944 937 942 944 947 949 955 963 963 956 954 952 961 
			950 959 964 963 960 959 951 947 950 947 955 961 953 963 960 964 
			966 965 954 946 961 948 946 952 951 959 954 959 959 969 961 955 
			946 946 942 950 945 965 962 960 946 953 950 951 955 952 949 946 
			950 947 945 964 950 943 949 949 955 938 935 940 940 942 946 953 
			944 949 949 940 937 940 930 934 935 946 940 945 939 934 944 934 
			943 935 941 940 943 946 947 939 944 947 951 950 946 952 940 947 
			960 947 946 952 947 958 950 947 952 948 946 946 941 943 944 956 
			944 938 946 943 948 942 942 945 948 948 938 946 939 937 951 956 
			960 957 941 948 936 942 945 941 941 942 951 935 940 947 946 943 
			932 949 952 947 942 936 940 942 940 940 934 937 941 944 933 933 
			943 929 942 938 941 949 930 944 947 932 950 938 941 955 965 964 
			947 959 944 948 951 951 945 952 943 941 953 943 941 938 947 946 
			935 938 943 939 939 930 941 939 945 959 935 938 936 936 946 946 
			947 939 946 942 935 946 953 936 946 940 955 947 940 940 941 939 
			948 945 945 954 953 936 940 943 944 945 940 939 934 956 951 951 
			951 954 946 948 953 945 947 940 936 936 942 934 932 937 941 945 
			932 951 943 937 940 941 940 949 955 939 941 946 952 950 940 950 
			948 962 939 942 945 944 941 955 960 960 967 949 950 959 953 947 
			945 956 938 947 945 940 946 939 940 942 951 950 960 937 943 951 
			949 946 948 945 955 967 941 956 964 979 963 968 986 978 980 960 
			960 964 959 947 942 950 959 943 940 941 949 949 953 948 953 954 
			948 952 959 955 959 952 952 956 969 971 952 952 949 955 941 947 
			944 956 951 945 957 967 953 943 948 944 959 960 956 949 961 958 
			968 970 974 972 974 962 961 952 961 959 956 966 961 963 949 959 
			951 959 953 957 953 951 952 942 940 945 939 932 935 936 933 943 
			941 939 941 937 940 939 942 951 956 952 940 942 948 946 944 946 
			963 966 949 958 978 964 969 944 951 948 942 941 941 943 947 944 
			949 948 946 945 943 936 935 931 938 934 935 939 940 937 941 935 
			950 936 945 948 953 954 940 952 948 944 947 945 947 951 947 937 
			945 940 947 947 951 952 951 945 946 950 948 954 953 952 949 955 
			948 947 944 950 946 955 959 958 953 954 946 945 960 960 949 936 
			946 945 941 948 947 952 955 948 949 959 961 961 969 957 964 973 
			951 951 955 954 970 947 955 948 954 947 949 943 946 959 949 950 
			960 950 957 954 955 954 957 959 953 966 977 968 973 964 974 967 
			972 969 969 960 962 978 964 969 966 961 961 961 955 950 946 952 
			947 963 955 954 947 952 948 947 942 948 948 951 952 941 945 948 
			953 940 954 941 947 957 956 963 951 966 953 965 975 961 951 950 
			959 955 953 958 961 966 959 952 956 946 949 956 947 951 956 956 
			945 946 951 947 957 946 960 951 954 945 951 942 944 943 948 944 
			969 949 951 943 953 951 961 944 951 959 957 940 943 941 943 945 
			944 944 955 952 940 946 945 946 941 942 949 944 946 932 934 936