942 952 946 944 944 945 950 945 959 951 956 950 945 955 944 946 
			955 954 950 951 944 938 950 941 945 959 937 938 936 949 943 949 
			957 963 960 955 943 949 949 937 940 941 954 957 953 953 943 941 
			944 948 943 955 946 951 952 948 953 959 949 943 939 967 952 945 
			950 948 948 947 944 951 954 948 950 944 947 955 953 949 958 951 
			943 941 936 942 948 939 939 946 934 940 935 944 943 942 940 940 
			943 949 939 943 942 940 942 939 946 944 949 952 957 948 943 947 
			944 939 946 947 939 947 950 943 954 949 951 950 950 963 945 950 
			942 948 951 940 955 957 954 950 952 947 948 961 957 956 964 950 
			957 948 948 951 956 952 962 950 960 952 954 970 963 959 961 951 
			970 963 954 956 963 951 954 947 956 956 953 947 948 947 944 947 
			955 960 947 945 946 959 954 963 955 956 956 944 957 951 950 940 
			939 946 946 949 952 942 940 950 948 948 942 944 948 944 962 942 
			955 939 939 939 946 940 940 946 938 945 939 942 942 940 936 945 
			944 941 942 961 938 945 942 941 944 939 932 938 936 942 934 943 
			944 955 945 940 939 951 942 948 941 939 952 950 952 948 949 947 
			942 947 958 954 946 944 941 947 946 943 943 944 951 955 944 949 
			939 952 948 944 949 950 961 966 955 949 950 954 948 961 953 965 
			955 960 963 961 951 960 950 961 956 939 947 945 950 949 946 949 
			966 967 946 939 946 949 940 948 947 952 966 964 960 964 953 970 
			956 949 954 963 939 945 950 945 943 944 951 944 959 946 947 957 
			944 950 947 955 946 953 942 945 945 956 957 964 962 957 951 954 
			957 946 942 956 946 946 956 946 942 941 941 935 938 934 939 940 
			939 935 938 940 944 935 948 957 951 949 942 940 956 944 945 946 
			949 949 949 944 943 942 948 942 936 946 949 947 937 940 950 944 
			943 943 942 955 952 944 955 949 948 951 941 941 960 949 952 956 
			947 944 958 944 948 955 962 935 946 936 938 946 938 939 946 949 
			938 940 946 947 943 950 946 947 956 945 946 951 941 940 941 943 
			944 952 945 945 945 953 942 943 944 945 954 945 945 948 941 948 
			938 948 952 959 941 949 947 949 941 956 942 952 954 947 946 951 
			954 940 952 951 968 973 959 960 963 962 949 959 945 961 978 943 
			954 957 964 940 955 960 957 953 939 951 942 947 953 955 952 955 
			953 948 944 949 947 956 955 948 959 958 945 945 957 951 949 951 
			939 939 938 939 947 931 942 936 946 939 948 956 947 940 945 965 
			949 956 954 959 955 952 942 943 936 937 953 945 956 963 949 949 
			942 939 942 941 945 943 942 942 947 951 954 940 948 962 966 969 
			955 955 946 950 948 944 936 948 948 945 945 948 943 958 943 959 
			949 953 945 954 961 947 949 951 954 954 951 936 946 943 944 949 
			942 941 944 951 943 946 944 945 947 948 946 951 952 947 950 943 
			942 947 942 944 950 960 946 947 953 964 955 946 937 944 944 951 
			947 952 972 959 964 956 963 978 961 951 961 948 940 947 937 947 
			939 942 939 940 935 939 949 937 946 944 945 944 944 942 936 947 
			936 951 953 953 947 961 945 946 951 952 953 960 957 949 943 944 
			952 957 967 950 961 957 955 945 960 951 952 955 952 957 960 952 
			958 951 954 953 948 951 950 952 938 954 947 961 957 948 952 954 
			954 951 958 978 953 958 954 959 964 957 960 959 968 949 947 947 
			958 959 952 940 951 947 944 946 948 957 957 979 964 981 972 979 
			970 976 971 955 956 961 953 954 954 942 951 989 955 978 956 959 
			960 957 968 949 962 971 955 954 948 943 947 941 947 943 957 960 
			943 952 942 949 959 956 955 961 952 958 954 958 954 946 950 947 
			959 949 946 957 950 965 954 958 947 944 958 944 945 946 946 950 
			952 953 951 954 940 941 942 948 942 946 954 953 954 941 940 943 
			955 961 952 957 955 972 947 955 979 964 951 952 959 965 955 949 
			950 943 944 940 959 951 959 957 942 950 942 941 940 936 947 951 
			944 940 938 947 947 941 947 950 949 955 937 940 940 940 938 954 
			943 949 951 940 939 938 940 933 936 935 942 932 932 941 936 946 
			940 942 945 940 965 953 959 951 959 945 947 941 952 957 939 946 
			954 959 953 957 956 958 963 944 938 942 943 944 946 951 961 954 
			940 941 942 935 945 939 942 939 947 933 943 937 950 942 946 942 
			947 955 941 942 938 937 941 945 945 957 942 935 937 938 939 940 
			942 935 938 946 929 932 938 951 944 941 942 939 941 941 945 940 
			937 949 948 944 957 949 951 948 962 948 954 945 953 949 954 945 
			942 953 952 942 948 940 944 947 945 943 938 941 953 953 954 962 
			958 941 947 952 943 936 939 940 947 941 936 940 935 938 939 935 
			940 939 940 943 944 950 952 959 948 956 963 972 962 963 948 973 
			953 959 950 960 958 946 945 944 956 943 953 959 975 971 953 960 
			966 979 971 962 949 964 964 957 949 950 959 946 948 958 962 951 
			951 953 957 968 950 963 960 946 954 951 939 945 944 940 950 951 
			946 950 948 943 941 943 952 947 940 950 945 945 951 935 950 949 
			951 948 961 956 961 961 950 951 942 945 938 953 943 939 941 939 
			937 937 947 949 939 957 949 947 936 944 935 949 938 941 938 949 
			942 940 946 943 952 944 942 961 948 941 934 938 949 937 938 944 
			940 948 940 955 948 945 945 943 947 961 959 947 961 947 947 949 
			959 958 960 971 958 958 952 958 950 961 950 955 952 948 955 945 
			939 938 936 940 935 935 931 933 933 937 933 939 942 949 946 950 
			939 948 951 954 968 961 970 978 960 967 982 963 984 967 987 987 
			989 993 991 972 998 986 976 990 999 999 990 991 968 980 975 965 
			968 965 954 948 939 940 937 934 932 929 931 935 922 923 922 926 
			918 920 920 923 923 925 927 925 923 924 923 932 942 942 938 952 
			953 969 984 1001 1014 1019 1026 1030 1038 1033 1022 1033 1030 1021 1019 1008 
			1004 1009 1002 1002 1002 986 973 985 959 953 954 948 939 932 924 919 
			917 911 907 905 899 898 891 892 888 895 883 876 880 875 871 863 
			860 861 862 869 884 908 932 981 1030 1068 1096 1104 1107 1098 1096 1092 
			1084 1073 1062 1045 1027 1012 992 982 967 962 956 951 954 957 962 954 
			954 956 948 940 931 922 909 902 895 888 882 875 870 865 857 853 
			845 837 829 821 817 819 835 864 910 960 1006 1037 1051 1072 1060 1064 
			1042 1049 1040 1051 1045 1031 1010 980 960 941 924 911 906 909 918 927 
			938 947 955 959 968 966 969 966 969 973 978 979 981 971 960 953 
			941 936 931 932 932 934 936 939 942 949 969 996 1021 1031 1029 1009 
			991 968 957 943 942 943 949 946 937 922 909 901 900 897 901 905 
			912 918 921 927 926 926 924 924 923 926 927 936 943 959 971 981 
			987 993 997 1000 998 1002 1005 1006 1006 1005 999 996 987 973 966 954 
			951 950 951 948 948 949 950 943 939 935 930 927 925 920 919 913 
			915 911 908 904 903 904 899 903 900 901 898 898 895 889 881 874 
			866 859 855 858 870 894 929 980 1029 1065 1091 1099 1094 1088 1077 1067 
			1063 1054 1051 1040 1018 999 974 955 941 933 930 936 949 963 977 996 
			1016 1028 1042 1040 1030 1011 989 966 956 943 934 929 923 917 911 902 
			892 885 873 863 853 842 833 823 810 797 794 792 802 832 879 942 
			1021 1070 1106 1102 1108 1088 1085 1060 1052 1041 1027 1018 992 972 935 913 
			889 884 882 892 911 931 958 983 1002 1011 1016 1025 1027 1039 1043 1044 
			1037 1028 1019 1011 1010 1009 1012 1008 1006 1002 994 984 975 971 970 975 
			979 978 967 949 931 911 894 873 859 843 828 814 798 782 766 751 
			742 764 824 915 1026 1100 1140 1126 1124 1092 1085 1054 1039 1026 1024 1023 
			997 970 918 884 852 850 862 885 917 948 987 1011 1027 1025 1017 1012 
			1008 1017 1022 1019 1000 985 961 939 931 932 957 1001 1060 1100 1116 1099 
			1058 1023 994 988 990 1004 1010 1003 974 937 902 879 868 865 873 878 
			878 872 856 833 803 775 749 728 730 771 843 946 1063 1136 1154 1128 
			1093 1054 1046 1025 1023 1012 1014 1001 971 927 866 828 809 831 871 926 
			976 1008 1023 1023 1025 1016 1012 1007 1010 1020 1017 997 953 921 891 886 
			905 950 1025 1091 1128 1128 1096 1049 1000 980 977 1000 1016 1022 996 950 
			902 865 854 863 886 907 913 904 885 863 836 811 786 765 743 719 
			726 785 888 1027 1125 1183 1151 1111 1057 1033 1033 1023 1024 992 979 935 
			905 851 813 800 824 885 943 1007 1026 1032 1024 1018 1026 1030 1031 1014 
			1000 970 937 903 876 869 882 926 974 1034 1070 1102 1111 1108 1093 1062 
			1031 996 978 959 949 937 923 914 904 902 902 911 915 920 919 910 
			903 888 868 834 794 746 712 685 668 697 785 928 1126 1245 1277 1192 
			1093 1004 985 1014 1032 1033 969 909 831 789 761 775 827 899 995 1053 
			1079 1050 1021 1005 1019 1051 1060 1040 976 908 851 827 831 863 923 983 
			1051 1085 1109 1109 1107 1092 1068 1035 993 955 928 910 909 919 933 938 
			937 927 923 926 941 957 961 947 918 882 843 805 771 738 709 685 
			665 666 751 900 1145 1325 1367 1272 1088 965 906 965 1003 1023 947 857 
			777 736 762 808 902 991 1085 1123 1106 1056 997 992 1011 1050 1039 977 
			881 803 781 811 885 956 1017 1045 1066 1079 1103 1123 1128 1107 1053 978 
			909 876 881 917 960 992 992 968 942 931 946 978 1004 1001 959 905 
			855 829 828 834 830 800 755 715 697 693 721 844 1034 1274 1396 1334 
			1152 923 853 869 999 1028 986 851 755 740 799 905 980 1057 1081 1096 
			1071 1023 983 963 1001 1010 999 910 828 785 823 912 991 1037 1017 1007 
			1024 1082 1141 1156 1119 1023 931 872 874 920 974 1004 989 963 947 966 
			994 1012 996 963 938 921 917 909 896 879 854 833 810 797 783 778 
			758 735 704 750 930 1175 1415 1369 1185 909 802 864 1000 1088 967 841 
			720 773 871 990 1044 1046 1062 1046 1054 996 972 966 990 991 921 849 
			795 850 937 1029 1037 988 959 979 1060 1094 1101 1055 1017 994 964 950 
			932 952 962 980 966 963 991 1026 1042 999 948 916 930 950 943 913 
			870 861 861 871 857 836 813 789 757 716 684 669 778 1054 1302 1466 
			1248 1020 818 878 1042 1094 988 754 719 762 959 1028 1017 976 983 1075 
			1082 1072 973 958 956 942 902 836 860 910 998 989 958 945 998 1086 
			1086 1043 984 1010 1064 1074 1012 922 917 950 1014 1005 975 969 1005 1042 
			1026 982 946 949 958 945 921 898 902 897 882 851 848 856 845 801 
			730 691 679 685 713 961 1247 1451 1344 996 875 871 1143 1107 932 669 
			684 866 1044 1071 914 913 998 1148 1148 1033 948 920 959 907 883 859 
			917 963 946 924 937 1039 1095 1085 983 938 988 1063 1130 1072 998 926 
			931 974 1013 1007 958 954 989 1060 1073 1013 933 905 932 963 951 902 
			871 878 896 895 863 836 804 775 735 714 696 681 705 981 1315 1419 
			1254 890 934 1041 1235 989 705 637 831 1086 1032 888 801 990 1159 1181 
			1060 932 947 952 945 909 895 901 886 895 927 1012 1025 998 966 1002 
			1067 1068 1027 974 1007 1060 1048 976 916 959 1010 1025 966 949 1002 1063 
			1066 991 935 927 951 954 931 909 885 883 885 889 875 839 800 772 
			760 746 715 672 660 867 1280 1346 1209 889 983 1210 1215 970 633 749 
			939 1099 889 765 832 1059 1167 1080 987 966 1016 1031 968 934 871 873 
			888 941 962 928 914 970 1068 1082 1006 944 1003 1120 1121 991 903 939 
			1053 1032 936 881 954 1058 1066 1001 973 1006 1017 974 923 916 938 931 
			899 857 858 884 883 854 802 783 796 793 762 700 679 783 1145 1299 
			1103 944 963 1317 1211 954 702 833 1063 1014 818 715 887 1062 1066 973 
			939 1021 1076 1068 998 917 913 930 972 923 874 881 955 1005 977 944 
			996 1065 1111 1062 1040 1028 1043 1012 961 953 952 961 942 953 992 1034 
			1039 1004 974 967 978 967 930 902 881 883 860 836 829 820 808 778 
			780 775 763 725 739 910 1244 1160 959 989 1187 1314 982 836 867 1059 
			993 817 778 898 996 971 917 959 1019 1069 1047 1017 985 978 1000 961 
			908 894 932 951 906 898 962 1014 1017 1003 1070 1145 1119 1012 986 1032 
			1045 968 905 928 977 984 971 978 1013 1016 983 960 966 977 957 917 
			888 888 880 845 805 791 793 778 751 750 750 734 757 984 1262 1029 
			953 1118 1280 1208 884 920 1029 1028 865 800 859 944 898 895 914 987 
			1036 1035 1020 1037 1040 1043 990 929 944 943 924 875 873 938 951 938 
			958 1000 1060 1050 1092 1087 1030 1052 1064 1032 944 927 966 957 939 966 
			1000 996 959 971 1007 992 958 933 929 928 903 869 834 823 800 758 
			749 749 747 726 698 770 1114 1176 840 1061 1256 1286 1035 909 1123 1087 
			906 841 860 928 880 790 891 900 999 966 957 1051 1081 1073 1030 986 
			1061 992 930 890 899 927 885 877 910 950 977 977 1000 1072 1133 1090 
			1057 1106 1092 1000 932 962 992 933 905 943 964 957 946 976 994 977 
			963 965 972 939 901 876 853 824 770 750 753 731 694 684 758 1053 
			1065 768 1119 1278 1216 1007 1022 1262 1081 897 931 954 946 798 780 909 
			863 903 844 937 1038 1008 1010 1038 1104 1100 987 1011 1005 988 902 882 
			909 901 879 883 916 947 933 980 1068 1108 1108 1063 1092 1093 1042 994 
			983 981 939 907 924 942 935 920 950 977 969 960 971 985 947 919 
			907 881 849 812 786 765 729 694 679 803 1062 799 850 1192 1132 1089 
			981 1257 1203 984 1039 1085 1026 895 819 955 851 826 795 847 915 866 
			914 982 1053 1051 1010 1099 1111 1068 1013 1012 1030 931 901 889 889 881 
			873 913 945 956 1029 1015 1085 1104 1071 1062 1068 1072 1001 988 1007 967 
			930 916 932 915 899 922 917 912 912 933 936 913 914 906 872 835 
			794 785 751 780 965 807 762 1061 999 993 939 1180 1176 992 1112 1157 
			1087 976 964 1052 899 849 851 864 859 803 867 892 923 929 967 1053 
			1040 1040 1063 1085 1059 975 1006 1001 953 917 923 923 891 891 920 935 
			988 961 978 1070 1069 1049 1049 1116 1062 1001 1053 1051 981 939 957 939 
			865 878 905 887 868 892 911 880 872 886 878 843 807 799 815 958 
			842 759 1055 971 921 921 1146 1126 931 1101 1172 1065 960 1015 1076 912 
			880 930 910 861 827 912 901 883 892 951 993 950 966 1013 1025 999 
			981 1043 1020 983 990 1019 984 935 932 935 913 909 947 940 948 976 
			1012 1019 1030 1061 1068 1060 1054 1051 1024 991 970 954 938 915 891 880 
			873 869 863 860 852 831 822 811 788 790 887 905 760 963 1047 915 
			938 1072 1161 959 1044 1161 1063 962 1025 1071 962 891 981 947 882 858 
			914 915 865 889 911 918 893 911 969 964 969 995 1048 1053 1021 1045 
			1049 1002 969 983 964 921 896 916 905 920 923 968 1017 983 1028 1065 
			1068 1033 1058 1086 1040 1017 1025 990 950 942 946 900 862 875 862 833 
			816 817 789 763 802 881 878 781 937 1032 907 965 1062 1104 962 1059 
			1141 1043 990 1062 1086 982 955 997 966 891 914 920 893 844 870 882 
			860 863 897 940 932 954 1008 1025 1013 1007 1056 1052 1006 994 1008 972 
			930 938 937 913 896 915 918 909 947 935 942 1020 1008 1010 1051 1074 
			1039 1052 1091 1049 1012 1032 1021 969 956 943 900 874 894 879 843 1008 
			989 900 900 917 870 868 867 908 869 879 907 930 924 925 967 965 
			973 982 1014 1004 992 998 1020 989 967 983 960 939 930 951 934 914 
			920 934 923 918 940 941 940 964 1022 987 947 1048 1045 985 1054 1077 
			1032 1025 1079 1061 993 1023 1046 977 943 945 929 900 896 916 887 870 
			885 893 893 883 889 883 880 882 873 875 882 882 883 899 934 946 
			957 986 990 999 1016 1022 1020 1016 1019 1014 1005 997 984 974 970 952 
			939 934 924 918 917 919 915 916 922 927 931 937 946 951 968 989 
			989 981 973 996 1017 1001 1009 1028 1013 1019 1033 1027 1039 1044 1029 1024 
			1012 992 977 965 952 928 910 895 879 866 854 839 832 819 825 861 
			831 839 898 873 858 945 973 948 993 1047 1036 1024 1064 1066 1038 1034 
			1029 1007 988 974 969 953 931 927 926 910 890 895 903 893 894 911 
			912 908 915 934 947 940 954 972 975 960 964 985 985 988 991 990 
			988 982 986 986 987 982 973 970 965 955 950 949 944 943 940 938 
			937 942 947 945 944 951 958 955 953 954 949 936 925 937 952 952 
			939 936 953 956 953 952 960 956 948 946 949 949 946 943 942 942 
			933 920 918 915 922 928 935 935 940 945 957 962 964 968 965 973 
			949 939 935 933 929 933 942 940 950 961 973 972 984 1000 996 986 
			984 984 976 957 949 952 949 943 938 942 951 949 953 951 963 980 
			985 977 951 942 943 951 958 941 932 936 946 943 936 939 946 947 
			955 948 953 966 965 961 951 947 937 917 906 903 902 908 913 921 
			932 953 967 972 977 1001 1007 1004 992 970 953 939 930 927 926 926 
			924 926 945 943 935 944 975 980 972 970 964 963 965 969 962 949 
			954 961 969 955 949 954 971 999 1003 993 967 965 984 991 968 955 
			949 946 937 935 927 911 913 920 924 917 919 943 951 952 963 972 
			953 943 938 927 911 907 913 918 918 931 940 952 966 976 995 1003 
			995 968 948 958 950 945 935 938 935 932 938 929 931 930 936 942 
			945 943 944 946 960 958 953 955 975 984 973 970 959 961 969 981 
			991 957 950 970 997 1001 981 977 991 987 980 963 941 930 930 920 
			906 899 912 918 921 934 963 975 948 964 974 951 929 926 943 941 
			925 922 932 937 940 948 963 961 951 953 969 973 970 961 963 970 
			962 967 958 943 931 928 929 932 925 921 927 931 931 944 967 980 
			979 988 996 976 973 987 1011 989 953 943 943 954 951 945 949 955 
			974 972 978 962 940 949 962 945 920 909 915 922 930 946 963 967 
			976 986 968 961 960 962 964 963 949 939 940 944 938 940 930 920 
			924 924 935 935 933 938 936 956 980 991 991 967 988 985 995 970 
			949 943 933 935 939 935 939 940 957 976 951 951 953 972 968 962 
			949 948 951 947 946 938 942 948 972 985 968 961 972 1006 1008 968 
			954 951 942 937 940 948 946 939 949 957 938 920 921 935 942 937 
			943 967 989 986 978 984 987 952 948 947 939 930 924 927 931 936 
			938 935 940 941 953 997 989 973 962 962 970 954 947 944 946 946 
			959 984 946 946 957 966 966 949 945 938 946 937 928 927 929 934 
			943 946 949 948 967 994 970 972 967 980 979 964 970 968 988 998 
			991 988 953 945 936 926 925 918 916 920 930 938 927 929 949 967 
			948 930 933 939 935 937 941 951 937 928 938 946 958 972 970 966 
			957 948 973 967 948 940 945 961 944 943 933 936 945 937 935 933 
			939 953 945 938 934 942 952 943 961 971 982 966 961 972 961 957 
			953 951 950 943 948 946 955 970 970 966 951 954 946 954 952 946 
			941 945 957 944 933 939 959 968 952 927 927 945 967 956 959 970 
			964 943 947 962 981 983 954 939 942 939 941 947 944 947 955 986 
			1007 984 970 964 961 959 951 951 954 947 945 941 941 940 941 943 
			947 956 975 989 985 963 952 970 969 967 945 938 940 941 947 934 
			939 946 963 976 973 1550 1183 890 1054 963 916 956 935 1468 1201 931 
			906 903 896 889 937 890 986 971 919 896 907 981 964 951 951 940 
			933 930 1005 848 956 960 913 970 898 954 963 956 961 914 985 914 
			994 972 899 940 957 982 924 842 1278 969 901 1066 895 1099 883 935 
			1045 920 964 918 1058 1047 1018 940 985 981 953 943 895 987 1019 938 
			893 1034 1027 951 960 1009 1028 949 949 928 920 948 916 879 927 914 
			915 962 908 910 947 930 933 924 874 1000 934 918 916 915 1006 858 
			976 870 904 978 870 996 920 895 1049 892 895 938 982 886 892 942 
			918 844 1062 840 1014 938 871 987 918 968 925 932 1054 909 896 1035 
			934 887 927 944 957 904 895 939 882 967 907 892 1084 912 896 1052 
			838 955 974 908 1021 848 1039 933 894 999 850 1046 920 868 1080 870 
			938 934 921 964 888 980 939 916 958 901 1006 914 949 923 954 1076 
			860 936 1068 862 986 888 969 953 913 996 923 959 912 942 940 925 
			908 924 1016 900 935 1036 921 971 948 989 1002 908 1040 942 927 943 
			937 913 1037 890 998 906 953 952 914 957 998 931 943 973 942 910 
			980 990 935 947 975 900 1024 930 893 1017 914 966 930 962 913 999 
			948 965 926 925 922 985 884 1002 878 1009 951 941 942 979 896 1121 
			873 923 1005 865 1035 926 977 960 1001 898 949 939 990 971 927 1008 
			961 962 947 926 982 889 947 965 923 957 949 941 952 935 950 956 
			959 925 1024 937 935 957 958 949 953 968 955 931 930 1038 883 1028 
			926 945 970 920 977 947 988 909 984 997 881 1019 919 970 921 999 
			925 932 1009 935 949 931 1008 955 936 929 930 967 954 943 943 945 
			998 974 903 935 975 942 1023 922 925 1026 967 949 943 942 983 1027 
			927 927 961 983 927 923 932 991 957 983 944 942 1004 961 958 949 
			905 980 995 943 930 940 959 973 945 941 954 970 946 1007 914 968 
			996 919 1056 923 902 972 975 938 939 940 949 963 971 910 948 930 
			922 1064 933 950 948 1056 966 868 983 916 994 945 944 943 969 1092 
			899 965 957 984 1033 932 986 907 1056 941 922 934 977 947 988 943 
			898 1021 946 956 933 947 945 1014 938 920 950 1016 978 923 963 942 
			977 1006 917 926 930 1045 938 952 928 966 1012 942 926 949 1005 932 
			953 950 934 1018 947 930 937 1000 997 933 962 934 1059 949 968 921 
			939 978 954 916 926 1026 958 946 909 1003 972 982 962 922 965 1024 
			951 927 934 957 958 975 940 942 1082 995 959 935 988 1026 929 948 
			956 974 940 945 938 971 1000 976 964 970 948 950 1027 927 948 956 
			974 923 974 949 928 1017 928 935 1000 950 945 953 990 961 994 933 
			957 1023 941 933 989 983 972 977 980 947 971 937 946 977 946 941 
			955 953 969 992 972 939 961 1007 982 961 994 945 986 952 956 907 
			987 1008 931 938 963 980 949 959 937 998 978 935 929 940 948 977 
			911 906 937 991 968 942 928 990 947 1013 940 959 957 957 938 937 
			939 930 957 944 943 929 974 961 971 940 935 969 1044 972 920 961 
			980 943 947 935 935 939 979 957 927 947 955 965 958 965 923 943 
			1047 943 959 946 949 977 960 924 950 980 982 958 935 938 974 953 
			1013 936 969 967 966 1000 956 924 957 955 948 944 915 937 962 979 
			937 950 959 957 952 946 962 996 978 977 946 924 939 976 935 948 
			927 939 967 962 953 953 949 979 944 951 949 933 934 948 913 920 
			949 909 915 985 951 931 945 959 993 967 979 940 948 1001 1007 928 
			928 966 947 933 932 946 923 950 990 942 925 910 957 969 944 920 
			931 981 942 942 920 921 954 929 939 877 934 918 921 927 894 942 
			936 991 931 963 991 1001 949 931 935 938 938 927 891 923 950 930 
			898 931 934 938 952 934 946 955 968 940 927 923 926 931 912 919 
			940 924 938 945 931 937 966 946 935 965 935 975 934 987 1006 943 
			937 940 938 927 954 947 994 965 977 958 998 983 992 972 969 967 
			991 976 1003 956 1023 1030 975 982 1019 980 959 992 937 941 916 935 
			914 918 912 909 929 929 910 916 933 938 934 949 923 970 962 946 
			928 936 942 959 935 949 933 947 958 957 952 950 972 978 955 982 
			974 932 936 949 940 925 941 947 969 938 944 934 946 962 955 958 
			938 981 974 961 947 948 966 986 1015 964 947 972 1002 956 943 944 
			946 946 940 926 924 951 934 927 925 936 939 932 931 936 946 954 
			941 927 921 938 943 936 936 929 943 956 951 937 944 944 945 941 
			943 937 937 945 953 948 949 941 942 918 929 920 921 937 934 936 
			927 933 932 925 938 948 929 934 938 947 934 937 932 950 959 956 
			943 956 955 954 946 942 946 937 941 940 930 932 925 948 926 926 
			932 944 948 933 927 933 942 934 946 939 945 941 966 952 967 951 
			964 966 943 952 942 953 938 929 931 927 929 929 931 938 944 943 
			937 930 933 936 933 939 938 934 939 932 933 924 930 935 939 942 
			959 963 942 940 945 935 941 927 929 940 942 949 933 936 936 937 
			933 938 940 959 943 924 928 927 929 930 927 931 923 935 938 947 
			943 944 935 947 965 950 948 950 969 950 935 927 926 924 928 929 
			921 922 925 935 932 921 928 936 956 956 939 941 937 941 939 932 
			936 937 935 955 943 931 927 929 939 941 938 932 941 936 946 951 
			941 934 931 940 930 929 926 927 938 932 947 943 938 941 931 937 
			934 945 945 934 943 934 954 965 948 937 930 943 954 959 940 942 
			944 962 946 938 934 934 934 943 929 936 927 933 944 953 947 942 
			950 957 939 932 942 949 956 944 950 943 959 944 942 929 927 935 
			935 939 938 932 939 933 939 931 924 932 932 929 924 930 926 938 
			934 941 945 968 945 946 944 937 961 928 928 936 932 939 948 958 
			948 945 954 940 932 938 957 977 970 948 954 941 955 942 950 949 
			952 942 936 942 948 949 950 945 952 956 954 954 946 934 936 946 
			944 933 934 949 934 937 942 935 953 973 970 965 954 955 938 941 
			928 934 933 930 932 945 928 932 932 946 960 946 940 938 945 958 
			956 949 937 940 943 948 950 950 946 943 952 933 947 941 936 955 
			953 972 946 964 959 948 946 951 942 947 935 939 939 937 948 944 
			945 941 954 949 960 959 950 953 962 950 947 957 942 946 942 946 
			945 949 945 964 963 935 938 938 946 942 941 946 948 951 938 941 
			942 961 960 961 950 944 958 969 984 966 951 952 950 960 955 951 
			944 946 943 953 944 951 950 953 961 956 978 967 990 1000 987 997 
			954 953 946 945 954 961 946 939 944 957 967 965 943 953 950 956 
			965 955 960 973 959 947 947 960 954 950 942 958 954 961 950 944 
			945 942 943 951 953 952 947 939 946 949 975 953 943 948 954 956 
			946 948 956 946 959 958 973 977 959 957 960 969 958 945 946 945 
			957 957 943 943 950 968 978 961 963 976 970 981 962 959 959 951 
			946 949 942 951 946 947 945 953 950 950 955 962 970 959 959 969 
			962 976 960 960 955 959 968 951 952 957 955 958 964 953 954 954 
			964 953 957 963 964 983 968 965 962 984 978 956 959 961 968 981 
			966 959 966 957 952 947 948 946 944 946 944 959 959 949 946 949 
			956 951 951 963 975 961 961 965 966 951 954 958 950 951 951 962 
			961 952 953 960 972 945 950 953 959 951 954 957 961 965 948 962 
			971 953 953 964 966 957 948 941 947 953 947 953 954 953 961 981 
			964 965 963 954 950 947 954 950 950 940 949 959 965 958 950 951 
			968 958 946 953 950 959 947 948 943 956 954 941 940 941 942 944 
			957 956 947 954 946 943 955 946 949 947 949 943 948 945 938 945 
			937 938 934 942 935 941 934 939 931 927 930 939 940 947 944 939 
			940 935 931 937 938 937 935 936 931 939 941 935 939 943 945 935 
			937 935 947 937 935 934 941 946 941 951 944 941 950 948 943 955 
			941 949 949 945 937 938 943 953 960 948 954 957 947 948 950 964 
			956 956 949 945 954 948 942 948 948 943 941 948 968 957 968 959 
			960 955 955 975 959 947 959 953 955 951 959 944 947 944 945 947 
			951 967 956 962 952 961 960 960 957 962 951 951 958 944 950 943 
			941 951 958 957 951 945 957 956 950 942 955 951 949 945 947 949 
			954 945 944 949 946 937 938 945 937 941 939 941 946 937 941 943 
			942 938 945 937 950 943 946 942 939 944 936 945 937 942 944 961 
			954 944 938 949 940 937 946 961 946 930 937 938 940 938 940 935 
			936 952 946 944 951 945 942 936 950 944 942 941 946 945 938 953 
			939 942 954 953 947 947 936 948 947 945 950 952 952 955 946 951 
			946 961 946 953 958 954 946 946 953 969 952 949 956 964 972 961 
			969 950 948 946 941 950 959 958 947 955 970 955 946 942 957 946 
			947 944 945 951 959 950 954 949 961 961 955 961 959 954 951 949