939 950 938 934 941 942 944 944 942 957 949 968 944 959 953 955 
946 952 964 948 951 940 942 940 939 949 953 945 960 949 946 955 
958 954 961 961 947 963 970 951 959 960 950 959 955 959 950 969 
961 945 961 959 955 961 959 962 973 964 970 963 958 953 957 947 
951 958 953 941 949 960 951 962 962 963 971 961 953 969 966 957 
961 952 958 950 962 945 949 945 956 953 953 946 953 959 944 957 
945 938 958 944 942 952 954 941 947 940 944 943 938 935 938 945 
936 941 937 936 938 941 945 952 947 939 941 931 934 934 931 930 
948 938 930 941 943 942 942 940 942 943 957 939 946 945 947 936 
934 932 925 938 926 932 929 929 936 932 930 939 941 943 940 955 
955 940 936 942 937 935 941 933 936 934 934 933 939 937 941 932 
940 948 948 943 945 948 940 942 943 941 939 941 946 944 948 955 
954 945 950 944 953 949 949 944 960 963 959 973 971 970 967 955 
947 973 942 959 946 948 955 957 955 965 956 959 948 949 945 943 
946 957 946 949 960 954 947 945 944 947 946 938 937 948 936 939 
938 933 937 933 945 938 947 952 939 950 945 955 952 948 948 960 
943 937 938 940 939 934 939 931 951 956 942 966 952 961 960 953 
953 955 965 948 948 956 949 957 948 956 955 954 952 945 944 948 
948 943 946 944 955 939 938 941 947 943 945 947 943 948 940 941 
938 940 938 944 939 947 949 957 943 944 942 941 942 941 937 945 
943 940 938 957 941 942 942 952 954 942 959 953 952 941 951 941 
949 953 962 946 953 957 938 951 936 957 942 951 954 965 963 964 
955 960 954 960 966 943 952 953 962 956 958 969 952 967 966 969 
959 968 966 961 971 957 960 943 944 948 946 942 958 961 956 959 
958 965 949 972 942 955 949 955 955 951 952 948 944 947 947 950 
952 960 960 957 956 963 962 963 963 967 964 959 967 956 963 972 
959 953 969 964 962 955 954 953 949 952 958 949 975 952 964 950 
946 946 955 957 958 963 960 952 952 956 962 960 955 960 958 957 
967 958 949 954 946 949 947 955 950 946 954 961 946 954 948 941 
950 956 942 941 947 943 946 943 952 962 958 960 954 959 944 947 
944 946 945 942 933 935 936 937 940 944 954 954 940 938 944 944 
947 942 943 945 949 959 940 945 953 945 948 947 946 947 948 935 
940 949 942 934 942 937 955 951 939 946 943 947 949 947 947 951 
957 955 951 953 962 952 954 941 944 960 947 939 941 939 938 945 
940 940 950 942 944 940 936 944 945 940 954 940 942 939 940 945 
941 950 949 949 958 958 953 945 944 951 948 940 936 945 943 937 
938 937 938 935 937 940 942 948 940 940 939 946 938 939 946 948 
939 948 950 947 950 946 942 946 951 946 939 939 940 931 946 947 
939 955 953 948 944 945 954 949 944 937 937 937 933 946 941 949 
944 939 939 948 942 939 945 944 946 937 937 938 934 937 932 932 
942 935 938 935 933 937 942 935 937 945 934 944 939 935 961 946 
934 931 930 933 930 940 932 946 939 941 941 935 945 935 940 945 
935 951 939 934 946 938 943 944 943 942 950 958 958 938 943 939 
958 949 947 945 946 948 954 959 947 941 935 935 944 955 940 937 
947 944 936 945 944 943 951 944 947 954 950 941 956 951 942 931 
927 933 938 935 940 933 942 950 941 947 943 940 941 936 935 932 
951 940 935 937 936 939 952 947 963 966 963 949 949 961 954 967 
958 944 959 959 944 953 951 946 946 944 957 959 962 953 946 953 
955 948 964 959 958 986 960 957 968 953 950 955 959 949 946 944 
944 952 951 946 960 941 951 957 950 953 952 961 959 961 951 965 
975 971 955 954 960 948 946 942 939 945 943 934 935 938 946 948 
953 957 962 979 970 969 987 971 974 967 968 965 968 963 949 952 
962 955 959 957 950 964 946 957 951 953 950 959 960 965 963 953 
958 953 958 948 950 949 975 967 964 950 963 968 959 951 961 954 
958 940 941 941 947 940 933 933 939 929 932 933 936 938 933 931 
935 937 942 937 936 939 935 937 936 932 928 932 935 929 927 931 
929 935 927 935 928 933 935 934 934 942 949 951 949 963 942 940 
933 940 930 934 934 947 944 949 947 941 943 942 955 951 946 964 
957 967 963 952 950 956 946 954 958 959 940 945 942 940 944 939 
949 952 954 948 942 963 940 954 946 947 952 958 932 941 942 958 
946 948 943 940 945 942 945 950 963 956 962 949 956 968 935 941 
942 943 936 941 941 959 940 945 942 949 959 953 969 973 956 969 
965 957 968 961 952 965 971 960 960 956 946 945 941 943 949 940 
947 943 949 941 949 947 950 955 959 945 955 949 955 944 945 946 
943 953 951 959 947 946 945 951 956 941 939 935 945 947 941 937 
938 941 946 946 947 952 950 945 940 945 946 954 947 942 956 962 
947 947 946 951 942 940 945 940 942 942 952 956 958 952 947 967 
975 959 963 960 953 951 947 941 945 949 947 948 948 954 968 958 
951 957 964 974 958 961 968 960 972 975 974 963 970 957 957 959 
958 951 962 948 955 965 954 948 958 970 957 956 957 964 959 959 
962 961 953 965 952 953 956 962 958 951 952 964 949 952 946 951 
950 940 946 947 955 939 947 947 963 960 962 956 955 949 952 957 
944 959 947 950 944 955 951 959 952 952 960 968 959 948 946 953 
948 950 952 945 952 950 942 943 943 958 954 956 955 949 954 942 
953 945 958 958 956 951 947 955 941 940 942 938 938 935 941 936 
935 940 947 949 948 949 944 943 946 946 938 943 947 934 928 938 
934 937 942 940 941 944 943 941 937 943 938 944 943 945 934 941 
941 944 938 938 956 948 954 943 947 941 951 945 963 964 945 945 
942 951 946 951 956 955 962 955 949 962 958 960 970 997 1009 1021 
1046 1539 1635 1525 1496 1019 791 720 668 781 881 1017 975 1019 946 919 
1000 999 1026 987 883 813 804 825 898 1000 1056 1033 994 937 920 949 
948 957 944 893 880 889 927 992 1043 1029 986 948 912 927 941 951 
966 945 919 914 928 943 967 980 959 945 935 927 941 954 950 953 
932 948 1044 1008 1072 1001 923 893 877 889 936 988 977 991 947 921 
923 939 947 969 938 917 916 909 932 959 984 968 959 938 924 952 
948 961 959 938 932 931 936 948 966 968 959 946 934 934 952 956 
973 980 955 947 930 936 940 947 950 954 956 953 967 956 966 966 
949 946 938 932 942 949 955 983 982 976 958 966 951 953 947 936 
942 925 936 929 942 945 948 949 922 927 912 914 921 920 921 912 
898 876 866 851 843 840 833 821 806 799 828 833 1086 1100 1133 1245 
963 964 912 890 1038 1101 1202 1170 1168 1048 1027 1041 1060 1091 1102 1026 
988 965 956 1023 1078 1106 1075 1053 952 941 926 913 924 884 838 780 
729 683 658 629 607 634 691 801 962 1335 1453 1425 1434 993 891 710 
637 727 807 882 954 1030 1040 1137 1219 1205 1179 1080 871 788 709 716 
823 935 1019 1112 1114 1091 1086 1063 1009 978 901 820 809 902 1037 1167 
1282 1194 1079 982 851 901 913 1015 1050 1089 1021 980 952 896 935 899 
881 849 817 778 784 752 720 720 721 776 896 1168 1286 1357 1349 1042 
931 753 682 760 825 887 954 972 978 1066 1138 1182 1192 1112 926 824 
719 703 803 892 999 1085 1088 1075 1068 1046 1021 1000 921 842 807 827 
943 1088 1220 1232 1158 1042 913 892 879 976 1012 1075 1031 1007 952 927 
936 913 928 879 861 813 794 769 747 729 705 756 793 1009 1252 1274 
1415 1201 985 860 683 705 791 855 933 984 976 1011 1084 1153 1166 1183 
1027 881 783 680 740 840 940 1063 1111 1089 1073 1047 1016 997 969 877 
835 790 883 1028 1129 1251 1198 1073 995 863 888 910 996 1037 1083 1040 
994 974 917 934 916 893 881 859 827 838 815 773 744 690 711 774 
911 1167 1303 1335 1319 1040 901 758 694 766 838 895 952 973 994 1064 
1145 1188 1180 1109 920 812 716 698 805 904 1017 1104 1100 1081 1054 1028 
1000 978 912 837 805 833 968 1074 1237 1214 1135 1041 893 870 884 953 
1043 1109 1063 1049 951 918 904 907 927 909 911 851 863 815 800 765 
706 685 698 781 953 1248 1302 1400 1271 985 879 694 677 777 834 911 
979 974 1016 1091 1165 1189 1200 1069 892 788 665 697 813 913 1062 1126 
1109 1092 1047 1010 983 959 876 831 789 871 991 1117 1268 1230 1134 1027 
852 856 852 962 1034 1108 1060 1015 946 882 901 895 906 900 872 812 
809 757 740 711 672 720 802 1067 1262 1353 1431 1139 981 769 621 700 
768 874 988 993 1008 1034 1091 1160 1195 1178 1007 876 719 643 723 821 
980 1115 1139 1130 1074 1023 984 970 926 863 825 773 934 1036 1195 1304 
1199 1086 936 783 837 875 1001 1113 1109 1068 957 908 842 898 910 916 
929 848 821 789 753 735 711 663 734 886 1141 1304 1433 1334 1093 910 
667 639 714 790 944 1006 1003 1051 1024 1118 1155 1178 1123 962 819 692 
664 756 873 1046 1132 1151 1124 1040 1005 952 939 898 851 800 800 983 
1071 1244 1314 1150 1066 881 749 853 876 1043 1137 1125 1061 964 887 845 
910 901 938 930 854 837 801 761 765 727 681 699 777 1024 1241 1395 
1426 1197 987 744 609 664 755 895 1000 1010 1010 1017 1090 1157 1240 1198 
1035 880 671 624 693 814 1023 1144 1174 1143 1063 996 966 966 926 890 
826 772 851 1022 1125 1334 1263 1132 996 808 753 853 944 1081 1182 1095 
1043 937 854 876 914 909 943 902 839 843 785 778 764 721 682 734 
887 1134 1280 1436 1300 1104 896 670 647 725 805 971 1005 1008 1006 1024 
1097 1173 1222 1139 1009 821 677 670 734 881 1056 1136 1152 1100 1036 982 
974 958 927 885 810 790 831 1026 1169 1264 1323 1140 988 854 740 856 
927 1073 1143 1132 1039 960 895 870 918 921 927 916 865 830 830 777 
778 731 683 722 837 1101 1249 1407 1349 1119 948 708 642 730 790 949 
1013 993 999 1011 1078 1153 1229 1159 1044 863 703 668 728 841 1024 1103 
1136 1099 1042 990 984 972 938 897 827 784 815 876 1007 1217 1267 1250 
1206 972 865 815 794 940 1017 1096 1114 1085 979 956 906 882 923 894 
894 893 852 831 809 735 701 666 714 878 1155 1276 1414 1312 1064 901 
705 657 774 830 956 995 981 960 1021 1092 1170 1241 1145 1006 838 683 
676 753 864 1025 1094 1100 1076 1036 999 1009 989 933 880 803 769 816 
890 1010 1116 1141 1117 1103 1061 1018 1041 979 951 941 893 933 974 1026 
1079 1087 1024 965 900 851 869 883 881 876 811 740 693 651 717 843 
1050 1278 1296 1352 1119 964 823 729 765 840 874 950 930 970 986 1103 
1148 1212 1167 1028 890 752 693 743 822 942 1025 1069 1056 1054 1037 1027 
1022 969 898 838 775 792 854 945 1051 1110 1111 1078 1030 979 959 946 
924 970 952 992 1012 1012 1037 1027 1005 1012 973 972 959 957 945 943 
924 894 885 847 833 808 782 749 728 750 819 1013 1215 1285 1382 1183 
1031 853 720 721 788 851 932 965 972 990 1060 1091 1159 1142 1028 920 
781 721 743 824 920 1014 1050 1035 1028 1017 1017 1045 1013 960 894 816 
798 834 902 997 1071 1084 1064 1029 976 966 961 945 930 892 854 845 
865 919 998 1057 1080 1062 1003 952 948 922 963 942 931 933 930 957 
1022 1064 1084 1087 1021 966 918 884 882 898 903 921 914 905 910 919 
934 973 992 936 942 864 832 844 826 849 866 918 981 1029 1116 1070 
1074 996 928 897 865 872 882 908 917 952 980 1016 1055 1073 1041 1026 
936 901 852 848 856 893 933 964 1007 1014 1024 1019 991 964 927 887 
873 867 893 928 977 1006 1034 1039 1030 1020 996 967 941 912 890 887 
886 906 934 964 997 1017 1013 1000 979 949 934 922 910 905 904 905 
918 934 957 986 1008 1016 1014 997 966 941 923 909 909 911 917 928 
943 962 993 1012 1018 1009 976 941 913 895 894 904 918 930 938 970 
1001 1042 1092 1088 1068 1017 938 892 862 867 890 930 937 946 935 913 
917 916 918 918 905 915 948 966 1042 1036 1036 998 945 915 901 922 
922 961 935 936 910 919 934 992 1025 1048 1043 997 956 922 914 914 
941 937 944 929 917 930 949 984 1019 1033 1014 992 949 926 919 916 
920 927 923 920 918 924 938 967 995 1015 1020 1003 976 947 931 915 
919 921 933 943 954 964 973 981 986 997 991 980 960 929 910 900 
900 925 950 978 1004 1001 994 983 1015 1028 1047 1065 1029 1000 959 935 
933 936 944 938 923 880 849 833 832 866 894 937 966 984 1002 1012 
1014 1024 1020 1002 976 941 904 884 873 876 905 928 962 990 1006 1008 
999 989 964 957 946 946 950 959 973 981 992 989 983 967 949 929 
914 903 899 907 922 947 974 1003 1012 1013 1000 981 967 966 965 983 
991 986 985 977 977 995 1015 1021 1019 988 952 928 914 921 937 955 
974 987 1000 1011 1022 1023 1012 991 954 933 911 908 922 940 969 993 
1011 1020 1026 1031 1031 1026 995 959 930 909 912 935 969 1021 1047 1057 
1041 1018 984 958 939 922 912 912 922 939 962 984 997 996 975 955 
937 927 925 928 934 937 939 945 957 979 1002 1011 998 971 945 921 
911 910 916 925 926 937 949 970 998 1014 1008 979 941 911 894 901 
909 931 942 946 948 951 959 984 1004 1007 984 948 911 889 885 899 
924 947 956 962 951 941 938 927 919 911 895 887 885 893 912 920 
923 918 909 898 894 898 904 905 899 887 880 883 895 913 937 945 
941 931 911 908 906 908 910 901 894 887 890 893 898 897 881 862 
831 808 793 779 777 767 755 742 729 726 730 739 758 769 774 770 
765 758 755 762 770 783 800 817 834 848 858 864 868 875 880 889 
898 903 908 897 894 889 893 910 937 968 995 1008 1018 1018 1017 1027 
1038 1051 1058 1057 1046 1038 1033 1033 1046 1057 1067 1070 1070 1062 1056 1046 
1042 1035 1031 1024 1026 1028 1032 1039 1045 1053 1062 1068 1075 1082 1079 1072 
1063 1046 1033 1031 1031 1038 1043 1048 1046 1043 1039 1036 1030 1018 996 970 
945 930 928 937 960 983 1002 1002 993 976 963 955 954 955 954 960 
965 980 999 1023 1044 1058 1058 1045 1023 1001 983 976 980 986 996 1005 
1011 1016 1015 1019 1020 1017 1012 1002 996 983 982 980 991 1005 1017 1026 
1032 1035 1036 1028 1022 1015 1007 997 993 992 994 1003 1012 1025 1038 1044 
1048 1047 1034 1015 990 972 965 971 988 1011 1034 1039 1031 1014 997 986 
979 979 976 969 964 963 971 988 1006 1018 1009 995 973 959 953 954 
959 961 954 948 940 939 942 947 952 945 938 929 922 925 932 938 
941 935 927 926 925 933 943 946 942 926 909 899 900 909 925 936 
937 930 919 911 908 909 914 913 907 899 890 892 899 916 933 938 
931 916 898 885 884 892 898 913 920 926 929 930 927 922 912 901 
892 888 894 904 917 922 921 915 908 903 901 908 908 905 893 889 
887 890 903 915 926 929 926 927 927 930 935 934 925 911 898 896 
899 913 927 936 934 931 921 914 912 914 918 919 914 906 902 906 
919 927 945 949 944 932 921 913 915 922 931 943 953 956 956 960 
960 956 942 930 921 918 922 934 950 963 958 947 927 916 919 926 
947 962 962 946 931 922 929 939 955 966 963 955 944 946 954 971 
978 984 972 954 942 931 937 943 955 957 956 950 949 955 947 945 
941 933 936 936 939 956 958 953 945 937 934 934 941 959 973 978 
978 978 964 959 956 949 948 944 937 940 944 957 969 971 968 956 
939 931 929 932 939 945 945 939 937 933 945 967 986 990 979 948 
929 923 932 957 997 1018 1014 988 959 943 934 934 943 952 959 964 
968 973 975 965 953 933 925 922 930 949 971 984 976 955 949 941 
942 963 974 993 987 977 967 959 963 958 958 955 957 964 959 973 
964 953 938 929 931 940 949 973 977 964 946 931 933 932 954 970 
986 981 959 944 934 937 949 977 1004 1015 1008 996 967 952 945 947 
948 946 946 946 945 949 950 952 954 952 946 944 939 941 945 950 
952 952 953 960 973 980 987 978 966 959 944 941 943 945 950 954 
963 957 949 945 937 932 929 932 940 960 969 976 968 946 932 923 
913 927 936 961 982 991 993 981 975 968 952 951 943 944 949 957 
967 967 962 967 966 972 960 953 955 941 934 927 921 932 946 972 
998 1002 984 956 948 941 939 950 961 977 991 971 972 959 958 964 
975 994 1003 1010 989 967 948 932 925 923 920 941 949 970 984 979 
983 967 963 951 940 935 929 926 929 936 950 963 988 981 982 986 
983 999 1002 1000 992 954 936 924 917 925 941 955 971 990 981 963 
953 947 935 940 938 938 936 933 927 936 943 961 1003 1008 1009 1001 
966 950 941 933 934 947 952 958 956 945 945 944 947 953 966 971 
962 956 944 931 922 915 919 930 946 976 984 994 984 966 961 953 
946 940 932 926 928 936 954 1012 1035 1043 1026 969 931 907 893 904 
920 941 969 992 1001 1002 1018 990 999 995 1102 1274 1170 974 989 1086 
1096 1058 1021 1003 1006 973 983 978 1030 1069 1110 1100 1175 1217 1278 1318 
1295 1213 1161 1156 1140 1122 1079 1053 1029 1029 1033 1065 1091 1105 1143 1161 
1182 1203 1215 1217 1217 1231 1264 1268 1276 1259 1251 1256 1266 1371 1341 1343 
1342 1326 1328 1356 1397 1416 1444 1430 1461 1471 1505 1534 1548 1562 1571 1610 
1637 1676 1706 1735 1758 1784 1825 1878 1933 1988 2052 2115 2202 2311 2389 2307 
2170 2004 1877 1667 1292 941 790 704 592 485 386 323 287 260 253 254 
244 242 247 253 267 335 468 620 743 852 786 615 526 390 468 1091 
1380 1572 1748 1635 1750 1880 2037 2024 1988 1906 1905 1670 1351 1293 1379 1769 
1926 1937 1809 1713 1509 1206 1205 1367 1432 1386 1583 1691 1872 1860 1703 1572 
1528 1562 1598 1633 1671 1739 1762 1724 1656 1523 1222 1014 810 779 896 1153 
1508 1815 1967 2001 2009 1990 1819 1588 1411 1315 1303 1335 1403 1465 1522 1601 
1679 1746 1788 1769 1709 1680 1646 1617 1560 1459 1374 1296 1247 1339 1561 1856 
1988 2000 2003 1974 1808 1707 1663 1709 1746 1774 1864 2011 2037 2037 2041 2048 
2054 2038 1904 1796 1780 1840 1824 1752 1679 1643 1590 1555 1518 1586 1664 1732 
1675 1590 1497 1379 1241 1075 944 810 700 671 689 742 862 1002 1246 1557 
1726 1703 1642 1367 1012 779 751 905 1245 1692 2021 2052 1968 1863 1800 1768 
1816 1785 1663 1583 1503 1416 1345 1280 1229 1219 1232 1232 1368 1605 1766 1739 
1578 1484 1409 1366 1349 1348 1365 1457 1549 1544 1439 1329 1242 1183 1191 1214 
1230 1228 1241 1255 1258 1294 1390 1391 1333 1302 1283 1206 1168 1151 1121 1012 
942 904 918 997 1134 1248 1262 1172 1054 931 852 825 824 844 905 950 
941 873 774 680 635 641 731 849 948 1046 1111 1166 1232 1279 1329 1348 
1277 1163 1091 1052 1000 945 884 812 734 648 579 543 538 530 514 498 
452 391 316 235 180 135 111 116 140 153 178 189 215 239 266 325 
396 508 660 820 915 995 1039 1071 1090 1089 1063 1026 956 881 812 761 
726 700 706 693 671 636 591 544 512 511 535 568 596 587 600 635 
660 666 676 702 726 765 834 892 950 1003 1055 1096 1150 1211 1246 1250 
1253 1250 1252 1260 1277 1263 1224 1212 1229 1271 1300 1300 1287 1268 1251 1230 
1203 1169 1134 1110 1094 1083 1073 1067 1059 1052 1046 1036 1027 1009 987 948 
905 878 872 890 941 1001 1060 1110 1149 1180 1204 1216 1220 1215 1214 1222 
1241 1243 1242 1234 1242 1263 1303 1351 1394 1421 1426 1408 1377 1343 1307 1271 
1237 1212 1194 1190 1197 1218 1242 1272 1305 1342 1379 1414 1439 1455 1457 1454 
1443 1430 1410 1383 1355 1333 1321 1308 1293 1272 1247 1216 1176 1130 1081 1044 
1025 1023 1041 1073 1107 1148 1190 1242 1307 1379 1439 1493 1530 1556 1560 1547 
1532 1509 1488 1458 1432 1408 1388 1381 1375 1369 1363 1363 1369 1383 1407 1421 
1425 1424 1420 1422 1421 1426 1428 1430 1433 1428 1420 1410 1396 1382 1368 1358 
1345 1336 1325 1311 1300 1288 1274 1258 1234 1214 1194 1186 1184 1197 1219 1250 
1293 1341 1385 1422 1453 1476 1496 1508 1518 1527 1534 1534 1530 1516 1491 1450 
1406 1366 1333 1310 1310 1328 1364 1392 1409 1415 1406 1400 1394 1394 1394 1402 
1417 1432 1447 1451 1442 1426 1403 1377 1355 1333 1315 1299 1274 1243 1211 1180 
1151 1124 1104 1092 1084 1084 1090 1100 1114 1126 1144 1160 1174 1186 1198 1207 
1216 1226 1236 1253 1269 1285 1298 1311 1325 1337 1346 1356 1361 1367 1371 1376 
1379 1384 1387 1385 1383 1378 1370 1359 1346 1330 1313 1294 1272 1251 1236 1216 
1201 1190 1181 1177 1172 1170 1168 1165 1162 1156 1152 1144 1139 1131 1126 1119 
1114 1106 1095 1087 1081 1075 1070 1068 1068 1068 1074 1079 1088 1099 1112 1128 
1141 1153 1161 1168 1169 1171 1173 1171 1168 1164 1161 1157 1153 1156 1162 1170 
1180 1191 1204 1217 1231 1244 1254 1265 1272 1277 1280 1286 1290 1295 1297 1293 
1288 1281 1273 1267 1260 1255 1250 1246 1241 1235 1228 1222 1216 1209 1201 1191 
1180 1167 1155 1141 1125 1109 1093 1076 1061 1048 1036 1024 1012 1001 991 982 
976 973 973 974 975 973 972 970 971 969 969 970 969 964 959 952 
946 942 938 937 937 935 932 929 930 931 931 935 938 941 947 949 
958 967 980 990 1003 1012 1020 1027 1031 1035 1036 1035 1033 1027 1019 1012 
1003 994 989 982 977 977 979 985 991 999 1007 1015 1023 1033 1044 1053 
1063 1073 1084 1089 1099 1105 1114 1118 1118 1114 1107 1096 1086 1075 1066 1057 
1051 1044 1038 1033 1031 1028 1028 1028 1029 1029 1030 1029 1029 1029 1029 1030 
1027 1026 1023 1020 1018 1015 1012 1007 1002 996 990 985 982 979 974 970 
967 964 960 959 959 963 965 971 973 979 985 992 999 1007 1016 1023 
1032 1039 1049 1056 1066 1073 1079 1085 1087 1093 1099 1105 1108 1112 1114 1114 
1115 1117 1118 1120 1119 1117 1113 1112 1106 1103 1098 1094 1092 1088 1086 1083 
1080 1076 1074 1070 1065 1059 1055 1048 1046 1044 1042 1039 1036 1035 1033 1032 
1031 1030 1030 1028 1026 1026 1026 1028 1031 1034 1040 1042 1045 1046 1046 1047 
1049 1048 1048 1048 1046 1043 1043 1043 1041 1039 1035 1033 1031 1029 1030 1031 
1032 1031 1032 1030 1028 1028 1027 1027 1025 1027 1023 1020 1019 1021 1018 1016 
1014 1009 1008 1003 999 996 990 983 974 965 957 950 941 934 925 918 
913 907 904 902 903 904 902 901 901 901 900 903 906 910 913 916 
918 922 925 926 928 929 930 933 935 938 942 945 950 954 954 955 
956 958 959 961 963 967 969 970 972 974 977 979 981 980 983 983 
984 986 987 990 991 994 994 997 998 999 1000 1000 1003 1003 1004 1004 
1006 1006 1005 1006 1007 1007 1008 1007 1006 1007 1005 1001 996 994 990 986 
986 983 980 977 973 968 965 963 959 956 953 951 949 948 946 949 
949 950 950 950 950 952 953 955 959 960 964 965 972 977 980 982 
985 987 988 990 993 995 999 1001 1004 1003 1004 1004 1007 1011 1011 1012 
1011 1006 1006 1003 1002 1005 1006 1009 1009 1007 1006 1002 1000 996 995 993 
992 986 986 980 979 978 978 977 976 977 972 969 964 961 958 953 
953 951 948 945 944 941 940 937 931 928 924 923 920 919 918 918 
917 913 914 914 910 910 908 906 904 903 903 904 905 905 904 909 
909 910 911 913 911 911 911 911 914 920 925 933 936 938 942 942 
942 944 947 948 950 953 954 957 958 961 961 961 960 958 959 954 
951 953 952 951 952 950 949 949 950 948 946 945 943 939 939 939 
942 944 947 950 949 951 951 952 954 955 955 953 955 959 959 966 
971 976 978 980 982 983 987 990 992 993 990 989 986 985 990 990 
990 989 983 978 972 968 963 958 955 952 949 949 946 944 940 935 
932 925 917 913 915 910 911 906 904 901 898 895 896 894 891 887 
883 879 881 882 883 887 889 888 887 887 888 890 893 891 891 891 
890 891 891 893 895 895 896 897 896 897 897 898 898 897 895 896 
896 897 900 902 903 901 900 901 901 899 898 896 895 895 893 895 
899 901 901 897 895 890 889 886 889 892 891 891 890 886 887 889 
890 890 891 888 881 880 877 881 883 883 886 886 886 884 885 883 
883 882 881 878 878 878 876 877 877 880 880 880 877 877 877 875 
876 874 873 872 874 873 874 874 875 877 878 876 874 874 875 874 
872 870 871 873 877 880 879 879 877 871 867 868 868 870 870 872 
874 874 873 873 876 878 878 874 875 875 870 869 872 873 878 879 
877 877 877 875 877 875 874 877 873 876 874 874 876 874 877 877 
876 877 879 883 878 877 879 878 877 878 875 877 878 877 880 880 
883 887 888 886 882 881 882 880 880 882 884 883 886 883 882 883 
884 884 887 885 886 883 882 882 882 886 891 894 889 893 897 895 
898 893 899 902 906 902 905 898 896 890 885 889 893 898 896 901 
901 900 897 893 898 899 894 889 896 893 898 908 904 907 905 907 
904 904 895 894 890 889 889 895 897 900 906 908 907 912 905 906 
901 901 900 897 897 896 900 911 912 916 909 902 901 904 908 913 
921 913 916 918 913 915 912 915 921 925 920 917 920 919 917 920 
915 920 929 927 937 938 936 931 930 927 927 925 926 931 931 933 
927 932 925 929 939 941 937 931 922 920 922 921 919 922 921 918 
922 922 918 911 904 903 897 894 892 892 892 892 895 896 891 888 
885 885 878 885 880 881 884 879 878 879 879 878 876 873 880 877 
875 871 870 871 870 872 870 873 872 875 874 877 873 875 871 867 
867 867 865 865 864 865 862 869 863 865 865 862 857 863 858 857 
857 854 855 855 857 855 853 852 855 852 850 847 850 848 849 849 
849 848 847 849 846 842 848 844 844 843 842 843 846 844 844 844 
844 843 845 844 846 849 844 840 839 839 843 845 846 844 848 844 
846 846 845 846 842 844 840 843 844 844 848 847 847 848 848 851 
848 847 847 850 849 846 844 847 846 847 851 853 850 850 850 848 
851 848 852 850 852 853 854 854 855 853 853 852 847 845 846 846 
850 851 851 855 854 848 856 853 853 851 849 852 851 853 856 856 
855 861 856 859 853 856 860 859 861 863 855 854 861 857 860 863 
863 861 861 868 867 877 871 865 863 864 861 865 867 872 881 876 
875 881 878 876 880 885 880 875 874 876 874 884 892 893 883 876 
878 873 891 894 899 891 884 894 894 895 904 909 912 904 894 893 
893 895 903 906 908 896 900 892 887 894 898 908 904 907 904 895 
887 895 896 899 897 905 906 906 904 904 902 897 896 893 895 895 
900 894 900 904 901 903 901 897 893 897 899 885 890 882 891 895 
901 896 892 889 884 884 890 893 891 892 884 876 880 883 879 889 
887 895 880 877 876 874 875 881 879 877 877 877 879 874 885 874 
874 872 872 869 871 872 876 877 870 872 874 871 875 876 871 869 
867 865 867 871 875 871 879 871 871 871 878 870 872 870 863 867 
867 868 866 883 876 876 866 864 867 868 877 874 875 870 875 877 
878 878 875 901 892 887 870 881 880 892 884 880 874 878 873 868 
871 882 876 878 874 875 871 882 874 879 877 878 868 873 878 891 
892 880 870 868 876 879 885 886 885 889 884 874 879 880 869 869 
870 869 876 863 875 871 871 873 873 880 875 877 886 883 886 882 
869 875 869 881 891 894 892 889 878 895 877 877 879 892 891 881 
870 874 893 895 888 890 915 900 883 883 913 904 885 890 888 888 
898 902 910 902 908 903 896 899 897 897 906 901 902 908 921 913 
913 918 907 886 885 901 905 900 907 909 914 909 901 901 925 916 
925 916 920 915 913 914 922 927 928 936 931 928 934 934 917 941 
935 931 923 922 928 924 935 935 931 936 943 948 947 942 946 936 
928 927 924 937 931 931 930 937 947 928 940 937 936 937 939 941 
937 947 937 932 934 931 937 933 927 923 927 927 929 931 924 923 
913 919 928 930 929 923 924 918 908 911 913 920 922 926 916 912 
917 915 909 915 911 909 903 904 903 904 905 910 905 900 901 905 
897 898 898 905 897 891 893 894 897 897 895 896 895 897 893 896 
894 891 890 892 885 886 885 885 886 889 891 891 885 887 887 884 
886 881 880 885 880 884 882 878 879 879 879 885 878 875 877 882 
882 878 885 884 887 888 884 886 881 885 887 888 885 889 888 887 
890 897 893 895 892 896 896 903 895 889 893 901 897 907 899 912 
914 904 905 897 898 900 903 901 915 922 925 923 928 923 913 916 
914 926 925 911 922 912 911 919 930 933 923 912 915 904 908 908 
907 912 914 908 904 914 907 922 925 924 910 901 899 908 901 898 
896 894 890 890 887 891 898 898 894 900 893 894 889 888 899 900 
910 901 897 898 897 897 894 894 893 896 883 884 877 878 887 892 
887 890 887 887 891 894 896 891 894 886 899 902 894 894 889 893 
892 888 898 897 891 895 903 895 903 903 914 914 915 905 898 897 
897 902 912 897 907 898 903 901 900 912 938 929 943 928 933 922 
931 927 931 933 921 915 910 908 925 919 918 907 916 905 910 915 
923 916 925 925 915 909 918 911 911 918 913 918 904 906 931 924 
923 918 905 909 911 900 905 905 907 906 899 898 905 919 905 919 
916 907 908 911 913 912 915 908 904 908 894 894 896 910 919 922 
906 900 903 902 906 904 903 906 911 901 901 910 910 924 902 909 
915 909 904 902 896 897 900 894 896 895 911 915 910 905 918 908 
901 903 910 917 917 910 911 903 900 912 910 908 913 899 904 899 
904 915 947 925 930 930 923 921 916 925 957 941 929 923 920 931 
935 951 952 963 963 965 947 934 957 961 960 965 954 959 950 966 
966 974 970 974 971 962 981 974 982 985 971 974 969 967 967 970 
977 986 986 986 976 985 979 986 986 985 981 976 976 971 978 982 
978 970 960 959 965 970 965 966 970 968 962 956 953 961 966 959 
963 955 958 963 964 957 956 947 942 941 943 939 940 937 946 944 
936 936 938 934 935 937 929 932 935 936 927 929 928 932 926 929 
929 926 923 929 927 926 924 922 921 920 918 921 920 925 925 919 
920 925 920 917 920 916 919 915 912 914 914 911 913 919 915 914 
909 913 913 914 912 916 915 915 914 912 917 913 908 912 909 910 
912 907 913 914 912 918 911 913 920 928 915 923 915 917 923 921 
921 919 921 922 923 924 921 924 914 924 934 935 918 918 921 924 
926 935 939 931 931 930 944 938 928 928 928 937 936 940 927 937 
936 940 942 937 938 945 950 932 941 943 952 942 948 934 948 928 
932 930 936 932 917 943 957 959 966 908 933 940 963 938 934 926 
943 957 962 950 916 931 927 933 930 933 936 933 927 935 926 931 
926 925 936 934 935 930 937 945 947 941 939 940 947 942 933 948 
939 954 944 944 948 950 951 940 942 939 936 938 942 940 946 949 
938 930 950 954 949 940 944 957 947 942 933 937 947 940 934 950 
953 947 930 937 946 935 941 940 935 944 937 941 944 939 956 944 
944 946 952 943 929 934 940 938 946 949 942 949 942 941 936 948 
945 953 952 949 960 951 934 937 943 947 945 940 933 944 932 932 
939 945 936 935 941 952 954 947 949 943 947 945 951 945 941 951 
953 951 933 936 934 935 944 939 931 931 928 925 926 969 919 924 
938 962 972 933 917 933 924 928 927 937 940 953 955 964 920 930 
928 923 922 925 932 936 928 927 928 926 927 927 930 935 939 933 
930 929 920 924 923 928 936 935 928 932 932 929 935 938 937 941 
942 936 939 936 936 943 939 939 954 943 934 948 947 937 948 937 
934 943 941 932 934 927 933 927 937 945 942 937 932 941 938 934 
933 940 945 951 948 944 946 955 959 934 929 931 943 945 943 943 
936 938 939 936 942 939 933 937 926 948 945 943 955 947 955 954 
951 963 951 963 963 943 948 941 938 945 937 936 929 935 934 941 
936 937 946 930 932 933 933 928 926 933 943 941 933 933 938 940 
938 937 948 960 950 943 986 944 934 941 963 967 993 984 914 927 
934 937 927 930 936 961 980 987 938 942 949 944 932 933 945 940 
943 948 947 953 943 942 946 949 958 943 942 936 943 942 946 950 
945 953 940 946 942 943 954 953 947 950 960 958 957 944 946 945 
950 945 949 956 952 952 949 953 944 949 944 951 956 955 951 969 
951 956 959 964 958 946 947 949 942 941 934 937 936 941 952 945 
952 941 940 953 946 949 950 953 956 953 956 944 948 943 948 941 
943 939 931 937 935 930 935 935 938 948 948 948 959 941 937 946 
944 933 938 939 928 930 936 933 935 942 939 949 944 938 952 947 
948 953 950 945 960 955 942 937 939 951 934 937 954 954 933 962 
940 943 944 941 948 979 1002 1001 940 935 934 932 928 934 955 954 
977 936 933 938 934 943 941 941 948 957 946 949 945 938 940 941 
945 943 954 940 946 950 933 936 941 944 951 951 951 948 954 955 
953 949 956 957 952 959 953 942 953 951 950 946 952 950 942 938 
939 943 953 954 955 954 947 960 950 947 950 949 954 943 940 944 
956 946 954 948 944 948 939 935 947 935 934 937 937 945 935 938 
943 946 942 948 947 945 938 942 936 939 944 941 934 933 936 931 
924 928 926 939 932 924 927 927 922 926 935 933 938 937 928 941 
932 931 926 927 939 933 930 932 927 933 933 927 933 936 929 936 
935 937 936 936 930 948 933 991 923 931 935 930 940 930 929 945 
964 989 958 921 928 930 936 975 931 938 938 932 929 929 932 941 
950 942 941 944 937 935 932 947 931 933 940 936 941 940 933 948 
948 957 953 937 944 945 953 945 951 941 944 938 943 941 942 944 
934 935 942 945 942 940 946 952 963 964 965 954 952 947 940 955 
946 942 943 956 951 945 946 948 943 941 935 940 947 945 943 944 
939 947 950 959 945 943 956 942 946 938 939 937 938 932 936 930 
932 931 931 942 935 929 927 929 938 930 923 925 930 938 932 929 
931 934 938 936 936 935 938 949 936 939 930 936 937 933 932 932 
937 939 942 947 935 944 935 929 931 933 931 932 936 946 940 948 
985 1010 966 937 956 947 948 937 923 956 976 988 978 923 946 942 
979 941 931 935 945 950 950 944 939 944 942 944 954 951 947 951 
949 954 944 951 952 947 950 955 942 941 944 955 935 942 935 947 
953 953 951 955 946 940 945 947 954 952 937 951 942 950 938 942 
949 959 954 953 947 949 946 962 956 959 957 953 945 944 942 946 
953 944 946 951 956 941 947 942 947 942 943 943 956 959 954 953 
952 955 954 949 947 951 957 949 951 951 951 944 959 953 943 957 
953 955 948 959 948 951 941 955 949 947 935 945 944 939 943 941 
947 955 946 951 945 948 959 953 954 959 948 953 949 947 943 953 
946 939 946 960 962 950 947 947 947 981 983 1009 1003 933 949 951 
960 1016 967 957 984 1008 996 972 947 971 954 951 945 953 950 964 
954 945 957 964 959 953 963 961 959 959 960 967 962 967 955 964 
956 960 964 961 968 953 963 955 968 967 961 961 952 949 957 948 
945 952 951 957 949 944 950 951 954 952 949 951 960 945 954 948 
961 949 948 947 947 952 949 951 950 945 953 946 954 945 952 957 
943 947 950 948 955 953 945 970 946 948 954 954 954 948 946 949 
961 969 948 946 946 940 942 945 940 952 948 955 952 949 946 939 
941 945 947 952 932 938 934 943 932 942 944 945 946 948 945 946 
953 936 936 945 939 938 936 934 934 939 942 941 945 961 955 945 
949 941 923 940 956 975 988 938 927 935 964 928 932 939 944 963 
983 980 926 946 949 952 939 947 949 951 944 943 936 939 942 936 
935 939 937 939 929 934 935 939 938 936 939 941 939 935 930 929 
930 930 932 935 936 935 934 935 941 939 935 935 937 938 942 932 
933 927 938 929 932 934 936 935 931 940 938 934 931 926 937 945 
940 938 938 940 937 944 940 943 952 948 938 937 944 945 946 946 
942 953 952 935 942 951 954 958 958 958 954 954 956 960 952 961 
967 958 975 965 964 957 954 955 956 948 959 963 963 962 950 942 
954 951 958 957 947 958 971 972 985 967 965 974 955 979 972 958 
964 953 953 961 950 957 954 954 957 963 966 1023 966 964 971 987 
1000 995 937 961 947 951 948 950 946 973 993 1005 963 958 968 967 
966 972 966 973 971 950 955 959 952 948 950 947 949 957 952 967 
960 962 969 970 965 961 962 960 961 954 958 964 959 960 950 976 
952 951 952 951 946 947 946 952 950 944 949 951 950 951 949 953 
960 952 956 963 950 948 945 944 968 961 971 953 956 951 953 949 
953 946 951 960 951 949 954 951 946 953 959 971 972 959 963 967 
958 953 965 959 956 959 957 955 950 950 951 961 952 950 959 951 
943 954 951 963 957 957 964 961 962 957 952 963 952 956 958 957 
948 951 961 951 950 956 949 947 959 945 957 944 949 955 943 953 
946 954 950 953 982 947 941 947 954 977 1007 998 935 944 943 941 
951 948 949 953 968 983 938 944 940 944 942 938 938 944 946 947 
950 942 954 956 954 955 954 954 944 949 947 949 950 945 944 947 
946 937 944 943 947 940 942 941 944 945 940 941 938 938 940 945 
945 947 953 940 943 941 944 940 943 939 946 939 936 933 936 935 
934 936 938 938 938 935 937 937 936 942 940 944 939 943 943 942 
936 940 939 933 931 933 931 935 935 935 937 943 948 941 953 952 
963 960 947 953 946 942 944 939 942 944 928 960 933 947 944 937 
957 957 954 948 953 971 958 964 967 977 962 964 955 979 957 953 
955 946 963 968 962 958 962 967 957 961 950 949 943 975 948 952 
944 943 948 959 983 989 970 933 945 956 950 941 923 950 969 941 
949 943 938 943 946 941 943 943 947 945 943 949 947 951 946 945 
952 949 948 940 947 945 952 949 953 949 949 943 945 944 940 939 
938 941 951 944 938 944 940 961 951 949 938 941 946 943 938 950 
948 953 955 954 954 960 956 943 949 945 945 945 937 933 936 933 
934 940 939 950 955 952 940 941 934 941 938 952 942 937 934 935 
945 947 942 937 939 945 946 941 954 947 954 943 947 947 945 945 
954 955 950 948 939 940 936 940 946 941 945 957 954 948 957 972 
964 972 994 976 971 976 953 960 951 947 946 955 956 951 957 960 
955 969 974 960 958 1017 962 951 949 941 936 940 939 951 963 977